0.03054095 0.60986665 0.47992214 0.80548942 0.50002244 0.85944231 0.74407426 0.61766639 0.90472224 0.57672152 output 1 2 3 1 2 4 2 3 4 1 4 5 3 4 5
0.25180612 0.98266340 0.26528091 0.58406933 0.29044066 0.73024879 0.61709088 0.34387700 0.82437627 0.10776902 output 1 2 3 2 3 4 1 3 4 2 4 5 1 4 5
0.26072800 0.16148474 0.59435625 0.17876619 0.81776056 0.31271889 0.87965372 0.42525932 0.90630815 0.02251259 output 1 2 4 1 2 5 2 3 5 2 3 4 3 4 5
0.09111346 0.64444278 0.18866198 0.54659311 0.26906159 0.57620938 0.28749817 0.42572884 0.76550002 0.68336324 output 1 2 4 1 2 3 2 3 4 1 3 5 3 4 5
0.52249531 0.06359137 0.54388593 0.10579827 0.54471611 0.99370462 0.64731148 0.21867663 0.72104662 0.10969746 output 1 2 3 1 2 5 2 3 4 2 4 5 3 4 5
0.32756543 0.16725355 0.43864498 0.98987215 0.67126437 0.86198048 0.79040722 0.83350060 0.94930391 0.76885425 output 1 2 3 2 3 4 1 3 4 2 4 5 1 4 5
0.56055953 0.87901390 0.58279097 0.86543859 0.69666720 0.00052238 0.85071267 0.81539721 0.92960887 0.98891162 output 1 2 3 1 2 5 2 3 4 2 4 5 3 4 5
0.05375439 0.09337052 0.07145281 0.89719135 0.24248656 0.19665819 0.44172206 0.30736690 0.89494168 0.01328320 output 1 2 3 1 3 5 2 3 4 3 4 5 2 4 5
0.23482691 0.36643662 0.73495754 0.36919880 0.74003233 0.08623453 0.86693029 0.59794164 0.97059853 0.68502847 output 1 2 3 1 2 4 2 3 4 1 4 5 3 4 5
0.10592042 0.82357447 0.68156043 0.17500974 0.74064806 0.21216321 0.74368834 0.09851874 0.75932738 0.46326058 output 1 2 5 1 2 4 2 3 4 2 3 5 3 4 5
0.41159351 0.58357062 0.55179251 0.99615611 0.58353317 0.71957013 0.60263822 0.51181992 0.75052006 0.08259273 output 1 2 3 1 3 4 1 4 5 2 3 5 3 4 5
0.02585747 0.93713467 0.54915809 0.64630196 0.57675830 0.37231266 0.72838682 0.52120295 0.94373154 0.44653098 output 1 2 3 1 2 5 2 3 4 2 4 5 3 4 5
0.08681510 0.11920726 0.14025536 0.29755538 0.25728278 0.70640723 0.26013019 0.42485841 0.42939734 0.49506692 output 1 2 3 1 2 4 2 3 4 1 4 5 3 4 5
0.12321952 0.19816970 0.57605590 0.34726131 0.64553451 0.14784947 0.74766284 0.09214768 0.76240805 0.50439786 output 1 2 3 1 2 5 1 3 4 2 3 5 3 4 5
0.22126573 0.27887561 0.64231523 0.50599946 0.83705645 0.74661722 0.84637289 0.95734528 0.97107523 0.23693038 output 1 2 4 1 2 5 2 3 5 2 3 4 3 4 5
0.06102893 0.44252996 0.58464130 0.39341151 0.58471862 0.82773217 0.83825559 0.28510809 0.94810874 0.19098644 output 1 2 3 1 2 5 2 3 4 2 4 5 3 4 5
0.18384294 0.96240394 0.49794882 0.67894101 0.51784560 0.40350139 0.55882055 0.85485168 0.76367332 0.99424301 output 1 2 3 1 2 4 1 4 5 2 3 5 2 4 5
0.24108406 0.22031010 0.48889979 0.34756715 0.84136910 0.22620864 0.85721276 0.53678780 0.96361220 0.76210971 output 1 2 5 1 2 3 2 3 4 2 4 5 3 4 5
0.16157257 0.39305176 0.46123176 0.57773888 0.63932376 0.43329898 0.71563540 0.17897515 0.91733604 0.88424278 output 1 2 3 1 2 5 1 3 4 2 3 5 3 4 5
0.00034146 0.09594942 0.40951493 0.32580626 0.54087832 0.74753366 0.92948447 0.21928359 0.98827714 0.20773062 output 1 2 3 1 2 4 2 3 4 1 4 5 3 4 5
0.12959698 0.05131376 0.22506788 0.59266676 0.24260339 0.92748801 0.74486786 0.35001392 0.89226719 0.28708461 output 1 2 3 2 3 4 1 2 4 1 4 5 3 4 5
0.01717254 0.72662953 0.36835084 0.53874652 0.75169459 0.62659097 0.82905591 0.09448856 0.94181780 0.65050764 output 1 2 4 1 2 3 2 3 4 1 3 5 3 4 5
0.27903919 0.26051151 0.67537532 0.68963784 0.74719694 0.19090285 0.90366453 0.13183067 0.90852590 0.12350083 output 1 2 3 1 3 5 2 3 4 3 4 5 2 4 5
0.06858235 0.79837026 0.25008462 0.20329915 0.29940039 0.50170105 0.59158353 0.65081214 0.92767272 0.63588320 output 1 2 3 1 3 4 2 3 4 1 4 5 2 4 5
0.04407913 0.97965744 0.12951986 0.43717244 0.68672002 0.39899342 0.73377290 0.44018691 0.87988358 0.37983892 output 1 2 4 2 3 4 2 3 5 3 4 5 1 4 5
0.15680789 0.31067902 0.24702418 0.87132207 0.31406193 0.70801089 0.32603428 0.40886891 0.89450066 0.14363760 output 1 2 3 1 3 4 1 4 5 2 3 5 3 4 5
0.25596214 0.70253001 0.35812835 0.25400785 0.41951770 0.46675681 0.48898752 0.43121845 0.90177366 0.92916927 output 1 2 3 1 3 5 2 3 4 3 4 5 2 4 5
0.08349756 0.46910052 0.45038815 0.44700731 0.47361794 0.58757126 0.62790418 0.27982892 0.94970635 0.87763414 output 1 2 3 1 2 4 1 3 5 2 3 4 3 4 5
0.02241365 0.56085674 0.05383155 0.49445635 0.14087380 0.06778549 0.49679942 0.46582007 0.98159621 0.89347431 output 1 2 3 1 2 4 2 3 4 1 4 5 3 4 5
0.25141348 0.44273998 0.54327024 0.48250662 0.57857231 0.31175495 0.91547660 0.05531377 0.95220510 0.89559653 output 1 2 3 1 2 5 1 3 4 2 3 5 3 4 5
0.32702429 0.95190651 0.53825033 0.70867106 0.80406926 0.07627289 0.83118862 0.46329488 0.92233809 0.82075025 output 1 2 3 1 2 5 2 3 4 2 4 5 3 4 5
0.06667694 0.20825839 0.28166034 0.32617617 0.48090034 0.88084720 0.54151803 0.60816099 0.68486378 0.13339461 output 1 2 3 1 2 5 2 3 4 2 4 5 3 4 5
0.10240779 0.08956940 0.15253808 0.83130168 0.15290200 0.66889569 0.15555259 0.79023514 0.95911690 0.45442456 output 1 2 3 2 3 4 2 4 5 3 4 5 1 3 5
0.09362453 0.19786234 0.21517653 0.95075798 0.24387310 0.39460722 0.33968781 0.58446484 0.65061854 0.50683338 output 1 2 3 1 3 5 2 3 4 3 4 5 2 4 5
0.17543615 0.56287923 0.70963870 0.57059970 0.85829739 0.17666120 0.90941148 0.51367906 0.98294051 0.96166308 output 1 2 3 1 2 5 2 3 4 2 4 5 3 4 5
0.13492064 0.74455771 0.36193273 0.67533033 0.60219044 0.65877414 0.64055884 0.51665717 0.91381350 0.84217757 output 1 2 4 1 2 5 2 3 4 2 3 5 3 4 5
0.10112932 0.28298538 0.29329464 0.22536025 0.59077575 0.50412818 0.79774246 0.05158821 0.91219675 0.76837575 output 1 2 3 1 2 4 2 3 4 1 3 5 3 4 5
0.30001858 0.45418582 0.34013956 0.94528201 0.38148907 0.44249695 0.65291568 0.45626681 0.91892654 0.21911895 output 1 2 3 1 3 5 2 3 4 3 4 5 2 4 5
0.12532479 0.29197675 0.36447718 0.13347499 0.37575817 0.20258498 0.67623009 0.67265051 0.86345849 0.86851520 output 1 3 4 1 2 3 2 3 4 1 4 5 2 4 5
0.00023107 0.32118845 0.14946373 0.28429307 0.27383430 0.43531581 0.41937965 0.60125114 0.75115732 0.87242502 output 1 2 3 1 3 4 2 3 5 1 4 5 3 4 5
0.25015301 0.19091820 0.49817032 0.15295279 0.62457070 0.12414379 0.72824242 0.00279042 0.84982829 0.53416082 output 1 2 5 1 2 4 2 3 5 2 3 4 3 4 5
0.00355545 0.80338509 0.31059645 0.24408577 0.38521588 0.44833938 0.51063361 0.63841846 0.81524245 0.82397089 output 1 2 3 1 3 4 2 3 5 1 4 5 3 4 5
0.17910412 0.79366608 0.46881378 0.53401375 0.54522233 0.47961425 0.63446170 0.09271372 0.84063652 0.96295878 output 1 2 4 1 2 5 2 3 4 2 3 5 3 4 5
0.00387354 0.32051284 0.51152909 0.60157980 0.56574765 0.68251782 0.67846363 0.91315274 0.88079954 0.47845865 output 1 2 3 1 2 5 1 3 4 2 3 5 3 4 5
0.39079534 0.08586893 0.80132006 0.53117957 0.82562081 0.15711329 0.88368871 0.62516540 0.94537296 0.69898535 output 1 2 3 1 2 5 2 3 4 2 4 5 3 4 5
0.08726503 0.18377420 0.26732506 0.23648919 0.46895210 0.96948356 0.68594471 0.41118489 0.82871743 0.29994092 output 1 2 3 1 2 5 2 3 4 2 4 5 3 4 5
0.10291858 0.00766245 0.51495181 0.62524260 0.52206888 0.39336652 0.68004195 0.35896882 0.99688049 0.54528493 output 1 2 3 1 3 4 2 3 4 1 4 5 2 4 5
0.53508127 0.43920375 0.65098680 0.67045766 0.66461502 0.44053447 0.72769744 0.39844012 0.93877980 0.13287394 output 1 2 3 1 3 4 2 3 4 1 4 5 2 4 5
0.09222950 0.24022712 0.70944529 0.16279566 0.93219487 0.59700667 0.95353997 0.07029516 0.99261981 0.97045509 output 1 2 3 1 2 4 1 3 5 2 3 4 3 4 5
0.19444109 0.08482246 0.26054808 0.26946755 0.47555822 0.91712936 0.58325858 0.47051819 0.74688915 0.29813285 output 1 2 3 1 2 5 2 3 4 2 4 5 3 4 5
0.02129962 0.29629386 0.76297048 0.32416524 0.77217211 0.66904442 0.79817018 0.28196043 0.87998619 0.92995204 output 1 2 3 1 3 5 1 2 4 2 3 4 3 4 5
0.17027459 0.17615578 0.27268123 0.26736208 0.53585166 0.47565504 0.66401823 0.43118637 0.82910942 0.78522091 output 1 2 5 1 2 4 2 3 5 2 3 4 3 4 5
0.02183325 0.91474208 0.20421692 0.79967079 0.25254016 0.74642320 0.39310343 0.00690255 0.76663940 0.66227947 output 1 3 4 1 2 3 1 2 5 2 3 5 3 4 5
0.53335421 0.75727316 0.55902912 0.20824520 0.68912471 0.39309859 0.71788140 0.45806694 0.87572400 0.54669203 output 1 2 3 1 3 4 2 3 5 3 4 5 1 4 5
0.01940150 0.97052279 0.10687278 0.30275233 0.57674170 0.73214976 0.57758006 0.60888554 0.93219609 0.71966561 output 1 2 4 1 3 4 1 3 5 2 4 5 3 4 5
0.05575256 0.82179014 0.34610979 0.47448394 0.39002814 0.56567976 0.41361945 0.30364357 0.74781709 0.82532072 output 1 2 4 1 2 3 2 3 4 1 3 5 3 4 5
0.00333456 0.52222130 0.03720153 0.53169154 0.14246435 0.56761771 0.61629512 0.86240546 0.66936417 0.27603742 output 1 2 5 1 2 3 1 3 4 2 3 5 3 4 5
0.06850669 0.84348035 0.20023250 0.18510782 0.20523766 0.42373000 0.57514761 0.52796738 0.72361828 0.54475096 output 1 2 3 2 3 4 1 3 4 1 4 5 2 4 5
0.03055478 0.70990045 0.08168971 0.63878213 0.43498416 0.16932395 0.46409362 0.03421741 0.55786496 0.59338247 output 1 2 4 1 2 5 2 3 5 2 3 4 3 4 5
0.10397126 0.09644368 0.62244264 0.47465462 0.64859026 0.23356471 0.72924031 0.59910692 0.80456731 0.93291211 output 1 2 3 1 2 5 2 3 4 2 4 5 3 4 5
0.54208908 0.23069535 0.70149639 0.28206287 0.74900934 0.28631822 0.75672739 0.96313441 0.95209137 0.24487485 output 1 2 4 1 2 5 2 3 4 2 3 5 3 4 5
0.04320885 0.23505684 0.14594598 0.27546108 0.23333566 0.95160663 0.24670108 0.34667098 0.70841665 0.17028274 output 1 2 3 1 2 5 2 3 4 2 4 5 3 4 5
0.06892145 0.04203904 0.25109544 0.25602233 0.54098128 0.30065695 0.56447392 0.31547299 0.98843087 0.52790130 output 1 2 3 2 3 4 1 3 5 2 4 5 3 4 5
0.12124368 0.26084335 0.40870999 0.35965217 0.59194483 0.49307931 0.91928097 0.52355109 0.94751264 0.71930693 output 1 2 3 1 2 4 1 3 5 2 3 4 3 4 5
0.25416853 0.93532488 0.53815442 0.58770036 0.74031789 0.35070641 0.84558476 0.92771946 0.91013613 0.10176213 output 1 2 5 1 2 4 2 3 4 2 3 5 3 4 5
0.06400226 0.85655696 0.07929740 0.76357503 0.11298756 0.41133397 0.13236964 0.63858969 0.48035649 0.62695416 output 1 2 3 1 2 5 2 3 4 2 4 5 3 4 5
0.00480846 0.82577316 0.49547293 0.65718318 0.58772876 0.96243377 0.60918700 0.52831469 0.77746242 0.31373646 output 1 2 3 1 2 4 2 3 4 1 4 5 3 4 5
0.26505359 0.53366474 0.60798609 0.44673730 0.78175581 0.01440084 0.80736520 0.34402875 0.89589940 0.62776258 output 1 2 3 1 2 5 2 3 4 2 4 5 3 4 5
0.12564925 0.30327945 0.18425900 0.43731821 0.19750972 0.61260507 0.60258974 0.64558026 0.86199215 0.73748241 output 1 2 3 1 2 4 2 3 4 3 4 5 1 4 5
0.05962363 0.69101883 0.49809976 0.59467278 0.51516318 0.64722677 0.56445815 0.05319494 0.63354430 0.84363192 output 1 2 4 1 3 5 1 2 3 2 3 5 2 4 5
0.27509737 0.10155072 0.29701029 0.79278474 0.42358244 0.27374799 0.52841442 0.61569440 0.82795608 0.66996322 output 1 2 3 1 3 5 2 3 4 2 4 5 3 4 5
0.08006814 0.33065054 0.60711043 0.48328002 0.93824622 0.90121514 0.95749496 0.14747475 0.97447384 0.00036562 output 1 2 5 1 2 3 2 3 4 2 4 5 3 4 5
0.17440849 0.97667054 0.20713748 0.04656404 0.21613211 0.23206838 0.23200666 0.63528890 0.71998795 0.38184901 output 1 2 3 1 3 4 2 3 5 1 4 5 3 4 5
0.19378244 0.26768019 0.44798761 0.42386718 0.59421303 0.93231283 0.61780009 0.79932380 0.90922826 0.66587722 output 1 2 3 1 2 5 2 3 4 3 4 5 2 4 5
0.00866849 0.33681211 0.19657099 0.92828082 0.23569336 0.46412561 0.27220544 0.52352973 0.41129364 0.52021950 output 1 2 4 1 3 4 1 3 5 3 4 5 2 4 5
0.13298702 0.29377581 0.35281081 0.04216742 0.40015241 0.40103896 0.59792289 0.59570769 0.91151793 0.91967930 output 1 2 3 1 3 4 2 3 4 1 4 5 2 4 5
0.14156748 0.69834613 0.33749673 0.93062882 0.42943563 0.63644376 0.60810184 0.25710953 0.79377867 0.04777066 output 1 2 3 1 3 4 2 3 5 1 4 5 3 4 5
0.10135321 0.96670201 0.58238219 0.55939213 0.58830183 0.18230696 0.64882907 0.52180376 0.84597723 0.45459983 output 1 2 3 1 2 5 2 3 4 2 4 5 3 4 5
0.16798158 0.08146143 0.51523099 0.28418921 0.66780023 0.22910157 0.67336352 0.91376373 0.92852941 0.22507347 output 1 2 4 1 2 3 2 3 4 1 3 5 3 4 5
0.37362958 0.09332104 0.77516546 0.64509792 0.78813564 0.93193675 0.83319361 0.35226030 0.89247245 0.15231198 output 1 2 3 1 2 4 1 4 5 2 3 4 3 4 5
0.01544766 0.91085113 0.10845808 0.00289686 0.21004370 0.33372525 0.53646841 0.46914323 0.85376169 0.31090826 output 1 2 3 2 3 4 1 3 4 1 4 5 2 4 5
0.30858813 0.70872914 0.44529198 0.02245096 0.46959754 0.60514972 0.51664302 0.16881287 0.94410693 0.77944317 output 1 3 4 1 2 4 1 3 5 2 4 5 3 4 5
0.46385001 0.16793259 0.61887465 0.19348585 0.72074550 0.09145177 0.76093838 0.75888642 0.89617697 0.00714197 output 1 2 4 1 2 3 2 3 4 1 3 5 3 4 5
0.13718742 0.66015753 0.18893346 0.00429597 0.23720288 0.22397071 0.29661309 0.30958436 0.95661705 0.07816847 output 1 2 3 1 3 4 2 3 5 3 4 5 1 4 5
0.28759735 0.11440128 0.46235540 0.21323793 0.89398132 0.49632820 0.92636710 0.12431553 0.95071670 0.87733005 output 1 2 5 1 2 4 2 3 4 2 3 5 3 4 5
0.26818752 0.05668307 0.58455254 0.15315626 0.74539555 0.55673650 0.90907331 0.00296136 0.94143940 0.90650330 output 1 2 3 1 2 4 1 3 5 2 3 4 3 4 5
0.13865412 0.79004449 0.32824000 0.07447033 0.34644210 0.41979729 0.88831665 0.41293064 0.92875669 0.39672436 output 1 2 3 1 3 4 2 3 4 1 4 5 2 4 5
0.19596121 0.22016522 0.25304129 0.33461965 0.49588805 0.98761869 0.56255610 0.71088428 0.98904159 0.49273453 output 1 2 3 1 2 5 2 3 4 2 4 5 3 4 5
0.04080720 0.05436055 0.06649065 0.43919857 0.08636049 0.92325690 0.32375672 0.57353439 0.75156377 0.06794259 output 1 2 3 1 2 4 2 3 4 3 4 5 1 4 5
0.50316144 0.72258583 0.53159370 0.43521495 0.58820887 0.60062398 0.73064362 0.60628721 0.98096007 0.76431709 output 1 2 3 1 3 4 2 3 4 1 4 5 2 4 5
0.17669544 0.96775964 0.25169011 0.09786442 0.35648416 0.69378993 0.64652463 0.30334578 0.87647610 0.19229156 output 1 2 3 1 3 5 2 3 4 2 4 5 3 4 5
0.00444744 0.64685862 0.19861113 0.58567411 0.38512949 0.50311467 0.43872469 0.76633102 0.55829125 0.17463472 output 1 2 5 1 2 4 2 3 4 2 3 5 3 4 5
0.16052698 0.23799244 0.48192738 0.50760830 0.57928618 0.79349595 0.62897787 0.29136926 0.75437888 0.19268462 output 1 2 3 1 2 4 2 3 4 1 4 5 3 4 5
0.45698790 0.72166088 0.58944086 0.49357265 0.61156996 0.62285065 0.84317065 0.56216510 0.88278971 0.54676991 output 1 2 3 1 3 4 2 3 4 2 4 5 1 4 5
0.08658705 0.83763693 0.44635262 0.55840667 0.78444141 0.72758109 0.91190797 0.14282413 0.99893736 0.72524734 output 1 2 4 1 2 3 2 3 4 1 3 5 3 4 5
0.06681476 0.19002781 0.34672278 0.47585771 0.55204202 0.66193516 0.55844004 0.78609758 0.58193975 0.96150856 output 1 2 5 1 2 3 2 3 4 2 4 5 3 4 5
0.52962698 0.85222522 0.67636776 0.75463911 0.68578958 0.90704034 0.72506599 0.50355419 0.79671891 0.12361024 output 1 2 3 1 2 4 2 3 4 1 4 5 3 4 5
0.00108863 0.31807547 0.12686211 0.26177854 0.21464097 0.29652398 0.56078627 0.38761428 0.82681963 0.42817804 output 1 2 3 1 3 4 2 3 4 1 4 5 2 4 5
0.15381413 0.12657631 0.40707653 0.32406103 0.48862928 0.18638841 0.87625468 0.00558112 0.96179492 0.92542528 output 1 2 3 1 2 5 1 3 4 2 3 5 3 4 5
0.27736800 0.69644923 0.32826875 0.00615449 0.35029554 0.30498367 0.43437686 0.33806311 0.62325278 0.87775919 output 1 2 3 1 3 4 2 3 4 1 4 5 2 4 5
0.42847759 0.50367619 0.58874553 0.60534358 0.65480132 0.93804148 0.67807282 0.64087029 0.99170001 0.74505491 output 1 2 3 1 2 4 2 3 4 1 4 5 3 4 5
0.37966242 0.68759762 0.63892375 0.52352044 0.70265741 0.36348944 0.71212288 0.22685115 0.86094909 0.43467587 output 1 2 3 1 2 5 1 3 4 2 3 5 3 4 5
0.04171380 0.13663303 0.46605224 0.43566604 0.49186987 0.29880885 0.57803292 0.76137477 0.61700183 0.29972077 output 1 2 4 1 2 3 1 3 5 2 3 5 2 4 5
0.03530253 0.88622818 0.15278487 0.75967495 0.26950001 0.03138038 0.44694590 0.25085504 0.99626851 0.11603494 output 1 2 3 1 2 5 2 3 4 3 4 5 2 4 5
0.35608938 0.04595445 0.39816238 0.95817554 0.62170610 0.73170109 0.64657309 0.42436117 0.89339378 0.73309123 output 1 2 4 2 3 4 2 3 5 1 4 5 3 4 5
0.17076698 0.25352278 0.36963943 0.48912932 0.58705727 0.91449178 0.82316541 0.67822413 0.96161163 0.61707479 output 1 2 3 1 2 5 2 3 4 2 4 5 3 4 5
0.29970763 0.48001683 0.54765725 0.74652077 0.55722102 0.68477370 0.59896830 0.48341297 0.77581246 0.99182983 output 1 3 4 1 2 3 1 2 5 2 3 5 3 4 5
0.42699056 0.35928057 0.83522857 0.13618380 0.89731125 0.62912562 0.91301377 0.29575390 0.97655923 0.04795817 output 1 3 4 1 2 4 1 2 5 2 4 5 3 4 5
0.62362160 0.40487444 0.85161692 0.64697910 0.89227919 0.48236443 0.97368959 0.79881851 0.98090271 0.06389236 output 1 3 5 1 2 3 1 2 4 2 3 4 3 4 5
0.51477159 0.19469307 0.65680331 0.31101657 0.72382084 0.47147765 0.87705626 0.15104954 0.96810903 0.06017416 output 1 2 3 1 2 4 2 3 4 1 4 5 3 4 5
0.36040428 0.24281732 0.41716732 0.28831583 0.80484269 0.45586251 0.81577085 0.16500186 0.93990014 0.91381414 output 1 2 5 1 2 4 2 3 4 2 3 5 3 4 5
0.00192205 0.85064967 0.61534288 0.03731447 0.66033643 0.57113760 0.66122786 0.68077520 0.68047517 0.69021478 output 1 2 3 1 3 4 1 4 5 2 3 5 3 4 5
0.08008415 0.44588340 0.10356265 0.79817690 0.12873226 0.51505540 0.13119836 0.52893825 0.69664525 0.48178108 output 1 2 4 1 3 4 3 4 5 1 3 5 2 4 5
0.19835058 0.11536423 0.34024226 0.81691282 0.35647777 0.34350699 0.39392632 0.50120976 0.56234459 0.37303989 output 1 2 4 1 3 4 1 3 5 3 4 5 2 4 5
0.28604775 0.52423492 0.80620928 0.19088597 0.87901616 0.11286894 0.93654304 0.65023444 0.96908493 0.85693584 output 1 2 4 1 2 3 2 3 4 1 4 5 3 4 5
0.09903246 0.58957129 0.49842256 0.28284348 0.68824484 0.01133005 0.78008704 0.28775125 0.96284122 0.53811228 output 1 2 3 1 2 5 2 3 4 2 4 5 3 4 5
0.08534198 0.11424311 0.23283609 0.40721477 0.24604603 0.67593071 0.35193421 0.54302394 0.81832032 0.40908409 output 1 2 3 2 3 4 1 2 5 2 4 5 3 4 5
0.17298936 0.88967909 0.43901319 0.63878789 0.66812036 0.37060594 0.69438424 0.48294233 0.92492621 0.62981787 output 1 2 3 1 2 5 2 3 4 2 4 5 3 4 5
0.63792075 0.04330416 0.72505976 0.15356356 0.76798700 0.12864351 0.77554726 0.20684684 0.89464761 0.71831356 output 1 2 5 1 2 3 2 3 4 2 4 5 3 4 5
0.12173564 0.93051234 0.26954321 0.65911131 0.43200359 0.44917202 0.59309820 0.06409801 0.98404474 0.50788531 output 1 2 4 1 2 5 2 3 4 2 3 5 3 4 5
0.21683296 0.82080202 0.42108626 0.50154388 0.43898877 0.10273168 0.48878020 0.36435991 0.83291238 0.12284353 output 1 2 3 1 2 5 2 3 4 2 4 5 3 4 5
0.05731226 0.93243288 0.27781002 0.04799434 0.36185310 0.53081488 0.44566402 0.61462919 0.78045331 0.76676806 output 1 2 3 1 3 4 2 3 4 1 4 5 2 4 5
0.07863862 0.41315207 0.22011974 0.40217557 0.48498501 0.95268693 0.51529624 0.33509818 0.83900917 0.13375020 output 1 2 3 1 2 5 2 3 4 2 4 5 3 4 5
0.00462576 0.83790045 0.48752464 0.61082595 0.50569245 0.79245686 0.69543644 0.18846875 0.92277342 0.77963944 output 1 2 3 1 2 4 1 3 5 2 3 5 2 4 5
0.24531303 0.58522136 0.61186841 0.45229670 0.88411044 0.46485039 0.91460037 0.88855814 0.95820191 0.01167901 output 1 2 4 1 2 5 2 3 4 2 3 5 3 4 5
0.06918288 0.65721858 0.21854565 0.51965944 0.60572756 0.62907744 0.64681381 0.07061642 0.77999428 0.94752964 output 1 2 4 1 2 3 2 3 4 1 3 5 3 4 5
0.15709878 0.18755843 0.50255940 0.62560336 0.56940488 0.72317358 0.71035192 0.98319713 0.79177705 0.92583332 output 1 2 4 1 2 5 2 3 4 2 3 5 3 4 5
0.04787844 0.08804642 0.12905990 0.91976245 0.64969944 0.30454280 0.74347161 0.17172453 0.86013173 0.05953712 output 1 2 3 1 3 4 2 3 5 1 4 5 3 4 5
0.24618851 0.78128715 0.30183560 0.67667458 0.39838626 0.44997697 0.48963439 0.08662906 0.80677980 0.83324041 output 1 2 4 1 2 5 2 3 4 2 3 5 3 4 5
0.06252147 0.62675422 0.09560867 0.84593942 0.20767939 0.55680660 0.56642842 0.33412694 0.98071847 0.02578202 output 1 2 3 1 3 4 2 3 4 1 4 5 2 4 5
0.17576511 0.94249898 0.23814677 0.78783661 0.23891612 0.55141668 0.28359162 0.24143222 0.70723517 0.04064871 output 1 2 3 1 3 4 1 2 5 2 3 5 3 4 5
0.14835925 0.26345172 0.33800629 0.52430098 0.55074967 0.78718001 0.56654788 0.85128767 0.98992351 0.01883896 output 1 2 4 1 2 5 2 3 5 2 3 4 3 4 5
0.19007998 0.64870462 0.38240546 0.63641018 0.82842281 0.67993680 0.99239133 0.38261172 0.99837009 0.93489602 output 1 2 5 1 2 4 2 3 4 2 3 5 3 4 5
0.31502044 0.28453044 0.46876770 0.97347859 0.59878357 0.69105664 0.65821134 0.28255815 0.83121842 0.26099990 output 1 2 3 1 3 4 2 3 5 1 4 5 3 4 5
0.25913128 0.47375533 0.75227974 0.77715634 0.83775416 0.84237470 0.85399301 0.94713849 0.90132798 0.84713232 output 1 2 4 1 2 5 2 3 4 2 3 5 3 4 5
0.03079078 0.01096102 0.11319378 0.06606179 0.28445093 0.84350130 0.28614894 0.58101535 0.68020978 0.07162343 output 1 2 4 1 2 5 1 3 4 3 4 5 2 4 5
0.15670748 0.28234676 0.24056198 0.29611171 0.59990364 0.30175278 0.63173670 0.58694495 0.73948357 0.79873672 output 1 2 4 1 2 3 2 3 4 1 4 5 3 4 5
0.05718335 0.16407052 0.22086551 0.63833309 0.29090414 0.88260307 0.69890082 0.66666842 0.78558844 0.64770921 output 1 2 3 1 2 4 2 3 4 3 4 5 1 4 5
0.06760500 0.83019879 0.38321314 0.01677621 0.46058553 0.49675926 0.56873972 0.52232751 0.84951559 0.74040232 output 1 2 3 1 3 4 2 3 4 1 4 5 2 4 5
0.12354464 0.05134773 0.23319138 0.66814413 0.25056373 0.56876747 0.28201832 0.24756833 0.31744415 0.27839076 output 1 3 4 1 2 3 2 3 5 1 4 5 3 4 5
0.04898071 0.20035834 0.27611958 0.40937404 0.57410802 0.75735168 0.62670099 0.83408271 0.65735966 0.28431372 output 1 2 4 1 2 5 2 3 5 2 3 4 3 4 5
0.13448841 0.68873398 0.23761151 0.26081768 0.24585004 0.03901951 0.32255266 0.36367293 0.56102329 0.68808851 output 1 2 3 1 2 4 2 3 4 1 4 5 3 4 5
0.11448586 0.86717122 0.15117426 0.20903897 0.20197403 0.61329998 0.72803449 0.72875978 0.84848543 0.73800846 output 1 2 3 1 3 4 2 3 4 1 4 5 2 4 5
0.47677787 0.13037640 0.61473538 0.23249698 0.93888061 0.57206665 0.98265757 0.74182410 0.99189736 0.11701729 output 1 2 4 1 2 5 2 3 5 2 3 4 3 4 5
0.28417286 0.60012218 0.36685608 0.62510029 0.37486640 0.42553374 0.66014634 0.76433094 0.91438867 0.98050849 output 1 2 3 1 2 5 2 3 4 2 4 5 3 4 5
0.33098651 0.16135611 0.55021159 0.21140858 0.59499894 0.97564906 0.64477763 0.62568755 0.84512922 0.26306150 output 1 2 4 1 2 5 1 3 4 3 4 5 2 4 5
0.07579002 0.47082474 0.16295623 0.14654936 0.18434260 0.23710538 0.29398630 0.27161974 0.74323604 0.43697874 output 1 2 3 2 3 4 1 3 4 2 4 5 1 4 5
0.00462732 0.26997449 0.03075074 0.30720965 0.16551531 0.53851853 0.30622482 0.79067073 0.37670718 0.58402193 output 1 2 3 1 2 5 1 3 4 2 3 5 3 4 5
0.02596742 0.47160777 0.74464081 0.85292111 0.95138200 0.95173609 0.98223511 0.30907698 0.99411995 0.98753560 output 1 2 4 1 2 5 2 3 4 2 3 5 3 4 5
0.32901885 0.60850612 0.56989233 0.52562902 0.75675950 0.34354756 0.76234185 0.36509222 0.96127659 0.59998795 output 1 2 3 1 2 5 2 3 4 2 4 5 3 4 5
0.19636027 0.65668714 0.54029202 0.73628735 0.70449704 0.34177721 0.71566025 0.49107951 0.74918267 0.89109615 output 1 2 4 1 2 5 1 3 4 2 4 5 3 4 5
0.18177249 0.96321689 0.28559653 0.83236777 0.62277410 0.49648260 0.71397363 0.11389756 0.92714593 0.84331420 output 1 2 4 1 2 5 2 3 4 2 3 5 3 4 5
0.30169234 0.97034309 0.46061482 0.75230518 0.54805368 0.92091832 0.55888034 0.87947381 0.78068857 0.88618104 output 1 2 3 2 3 4 1 3 5 3 4 5 2 4 5
0.37821858 0.05944104 0.59005005 0.31871053 0.83505567 0.91016045 0.89520583 0.46033627 0.99956580 0.48234589 output 1 2 3 1 2 4 2 3 4 1 4 5 3 4 5
0.03378847 0.21843886 0.42536618 0.18007354 0.47213591 0.50633551 0.58914655 0.59076401 0.78266577 0.93181966 output 1 2 3 1 3 5 2 3 4 3 4 5 2 4 5
0.01513757 0.26608485 0.21857876 0.34421034 0.36804743 0.24600722 0.68871727 0.75438998 0.71497847 0.13207082 output 1 2 4 1 2 3 2 3 4 1 3 5 3 4 5
0.34985597 0.42946543 0.50741712 0.50425775 0.71551553 0.84949854 0.81312447 0.66616822 0.95889380 0.65423338 output 1 2 3 1 2 5 2 3 4 2 4 5 3 4 5
0.02514458 0.05746165 0.32291533 0.86001403 0.73282347 0.38454514 0.80076628 0.39258840 0.99967745 0.47278670 output 1 2 3 1 3 4 2 3 4 1 4 5 2 4 5
0.67624583 0.99485065 0.69465424 0.58741393 0.70140171 0.20753843 0.84142469 0.32519536 0.89541722 0.28625262 output 1 2 3 1 2 5 2 3 4 3 4 5 2 4 5
0.01070715 0.03803402 0.07230161 0.91218796 0.23254141 0.65083232 0.24451944 0.36754657 0.79008594 0.25485488 output 1 2 3 1 3 4 2 3 5 1 4 5 3 4 5
0.01148105 0.46600651 0.08375041 0.46337601 0.36561532 0.54815853 0.41276544 0.53269092 0.81636686 0.41602099 output 1 2 3 1 2 5 2 3 4 2 4 5 3 4 5
0.37964357 0.78294427 0.45406897 0.03448702 0.63382156 0.16051842 0.64380201 0.10086234 0.73515453 0.04174078 output 1 2 3 2 3 4 2 4 5 1 3 5 3 4 5
0.18678796 0.24920316 0.64380594 0.66141616 0.65873288 0.93222199 0.66874283 0.61374608 0.82209846 0.04669220 output 1 4 5 1 2 3 1 2 4 2 3 4 3 4 5
0.34020164 0.95720919 0.58657705 0.66358798 0.69550560 0.32036234 0.74475524 0.86007917 0.88274227 0.90563265 output 1 2 3 1 2 4 2 3 4 1 4 5 3 4 5
0.27289972 0.16200751 0.49939403 0.41573073 0.68541121 0.99501253 0.69341033 0.24972198 0.99912476 0.21037761 output 1 2 3 1 2 4 2 3 4 1 4 5 3 4 5
0.34016666 0.81032638 0.39370768 0.50115413 0.45272385 0.11782083 0.52656658 0.61835023 0.92852488 0.80483820 output 1 2 3 1 2 4 2 3 4 1 4 5 3 4 5
0.09361481 0.61711599 0.44925515 0.94181820 0.46837405 0.64352890 0.64750374 0.69368223 0.98997180 0.63151166 output 1 2 3 1 3 5 2 3 4 3 4 5 2 4 5
0.02259240 0.79835754 0.15161826 0.20018882 0.28943987 0.62415980 0.30980164 0.39705640 0.63343930 0.46583057 output 1 2 4 1 3 4 1 3 5 2 4 5 3 4 5
0.04900699 0.14971134 0.08040320 0.63381700 0.08510737 0.28798238 0.15358545 0.38853828 0.73764561 0.21329050 output 1 2 3 2 3 4 1 3 5 3 4 5 2 4 5
0.16098700 0.69782141 0.20544023 0.72280973 0.29084351 0.74183231 0.29194980 0.80556554 0.87544407 0.79208540 output 1 2 4 1 2 3 2 3 4 1 3 5 3 4 5
0.23555127 0.85398858 0.43575429 0.32398419 0.47850629 0.39603529 0.66374453 0.44999915 0.90756724 0.46860507 output 1 2 3 2 3 4 1 3 4 2 4 5 1 4 5
0.01824443 0.60578190 0.35945724 0.72141001 0.43306204 0.94935148 0.77815478 0.37757999 0.84854918 0.31617318 output 1 2 3 1 2 4 2 3 4 1 4 5 3 4 5
0.03555499 0.73118383 0.13796287 0.97524511 0.22326365 0.63768589 0.25419178 0.42069101 0.30257512 0.33108202 output 1 2 3 1 3 4 2 3 5 1 4 5 3 4 5
0.10212850 0.13855384 0.46724187 0.27341987 0.53487796 0.76061680 0.68104402 0.08111827 0.88707815 0.03208325 output 1 2 3 1 2 4 2 3 4 1 4 5 3 4 5
0.24620217 0.95533117 0.46333091 0.65319799 0.51888028 0.00487276 0.75798299 0.49873720 0.88840442 0.59486264 output 1 2 3 1 2 5 2 3 4 2 4 5 3 4 5
0.30121664 0.66546633 0.43231919 0.70600847 0.50656245 0.70579806 0.68973406 0.91520700 0.71691709 0.13312345 output 1 2 5 1 2 4 2 3 5 2 3 4 3 4 5
0.56686030 0.69248051 0.73419314 0.59127907 0.76300052 0.44161700 0.77786522 0.59969497 0.96540709 0.96164815 output 1 2 3 1 2 4 1 4 5 2 3 4 3 4 5
0.07865481 0.99183879 0.16000076 0.24601239 0.23585738 0.32424513 0.31065559 0.61130445 0.77061301 0.17690008 output 1 2 4 2 3 4 2 3 5 1 4 5 3 4 5
0.10043807 0.57922390 0.29220878 0.26676689 0.33622554 0.05168396 0.50476222 0.53802767 0.91697502 0.78287682 output 1 2 3 1 2 4 2 3 4 1 4 5 3 4 5
0.07358345 0.66148211 0.34280523 0.65571350 0.54071581 0.57782005 0.60508805 0.28744583 0.77678453 0.77731980 output 1 2 4 1 2 5 2 3 4 2 3 5 3 4 5
0.04853557 0.14521327 0.29330383 0.34698342 0.74534639 0.89375044 0.75265120 0.85118833 0.92602862 0.14176978 output 1 2 3 1 2 5 2 4 5 2 3 4 3 4 5
0.15522845 0.88102385 0.18797048 0.00595395 0.27365172 0.36305368 0.54061518 0.43580371 0.88246250 0.80124255 output 1 2 3 2 3 4 1 3 4 1 4 5 2 4 5
0.03094391 0.97467997 0.40678144 0.22674968 0.41321211 0.82152137 0.43238283 0.50984870 0.58954673 0.88545049 output 1 3 4 1 2 4 1 3 5 2 4 5 3 4 5
0.03673761 0.08315625 0.05513746 0.45526460 0.06398358 0.95619555 0.07137338 0.50863591 0.96477533 0.21030842 output 1 2 3 2 3 4 2 4 5 1 2 5 3 4 5
0.55329519 0.19035159 0.75031312 0.74583750 0.79564252 0.74645063 0.80712250 0.94986051 0.86175077 0.06198299 output 1 3 5 1 2 4 1 2 3 2 3 4 3 4 5
0.35213574 0.89412095 0.39817812 0.77474289 0.39979861 0.68751049 0.47493312 0.80854976 0.91112541 0.65999261 output 1 2 3 1 2 4 2 3 4 1 4 5 3 4 5
0.27166351 0.01807869 0.57181442 0.71416146 0.57394583 0.98523106 0.60650080 0.46084197 0.91309146 0.50389309 output 1 2 3 1 2 4 2 3 5 1 4 5 2 4 5
0.07877268 0.76868493 0.24036862 0.67945625 0.51592040 0.83960263 0.61620636 0.08198710 0.63560070 0.05464043 output 1 2 4 1 2 3 2 3 4 1 4 5 3 4 5
0.12958938 0.52921386 0.40167964 0.08965713 0.50468348 0.30866210 0.61296940 0.44741507 0.96345583 0.93996291 output 1 2 3 1 3 4 2 3 4 1 4 5 2 4 5
0.37828140 0.55469595 0.47745584 0.46101765 0.60793788 0.48026376 0.61157890 0.30162712 0.65445608 0.86634421 output 1 2 4 1 2 3 1 3 5 2 3 4 3 4 5
0.47605218 0.69457247 0.59370598 0.61757842 0.61721206 0.37879436 0.62181758 0.30467743 0.96700258 0.37404942 output 1 2 3 1 2 5 1 3 4 3 4 5 2 3 5
0.19799487 0.47998188 0.40208261 0.46778046 0.50702531 0.47011390 0.61504902 0.13923975 0.75665464 0.50422475 output 1 2 4 1 2 5 2 3 4 2 3 5 3 4 5
0.30271650 0.54260924 0.75146361 0.59554756 0.77883677 0.44229149 0.86485775 0.87510571 0.92732325 0.97746948 output 1 2 4 1 2 3 2 3 4 1 4 5 3 4 5
0.51230769 0.14841127 0.54991218 0.72714707 0.58649049 0.63951631 0.79117704 0.32881325 0.88300204 0.33114592 output 1 2 3 2 3 5 1 3 4 1 4 5 3 4 5
0.03401247 0.03601345 0.36137713 0.97321887 0.61094698 0.14046719 0.61853437 0.40186586 0.80612278 0.12837587 output 1 2 4 1 3 4 1 3 5 2 4 5 3 4 5
0.46751245 0.47820665 0.53291353 0.42075625 0.65916423 0.29659766 0.69534061 0.10345423 0.95722147 0.39618838 output 1 2 4 1 2 5 2 3 4 2 3 5 3 4 5
0.40793516 0.27285144 0.60692255 0.43243650 0.61676003 0.59084773 0.62448901 0.46455695 0.80527635 0.35923361 output 1 2 3 1 2 5 2 3 4 2 4 5 3 4 5
0.17577388 0.88222877 0.36848489 0.69476673 0.66417975 0.41320255 0.73116885 0.24565838 0.78524026 0.70821890 output 1 2 4 1 2 5 2 3 5 2 3 4 3 4 5
0.12546087 0.40922976 0.28047451 0.37114995 0.52948204 0.34155041 0.72191590 0.74654631 0.99245819 0.13259216 output 1 2 4 1 2 5 2 3 4 2 3 5 3 4 5
0.14520257 0.88608688 0.28246896 0.81063232 0.72571322 0.89959089 0.76510380 0.55582906 0.84541601 0.01561741 output 1 2 5 1 2 3 2 3 4 2 4 5 3 4 5
0.32630893 0.28340454 0.33678984 0.98565695 0.45504919 0.35996347 0.89235074 0.25657071 0.91664098 0.23496174 output 1 2 3 1 3 4 2 3 4 1 4 5 2 4 5
0.04738529 0.24281907 0.59136394 0.32284493 0.64462131 0.25643684 0.83499512 0.10618221 0.99241077 0.55810711 output 1 2 5 1 2 3 1 3 4 2 3 5 3 4 5
0.09024418 0.67263120 0.49136517 0.39078303 0.57943946 0.99140385 0.60519275 0.08847607 0.62723499 0.03995393 output 1 2 3 1 2 4 2 3 4 1 4 5 3 4 5
0.20827650 0.86237794 0.60758857 0.70483927 0.69131097 0.61299902 0.75739674 0.49147379 0.94643541 0.85381577 output 1 2 4 1 2 5 2 3 4 2 3 5 3 4 5
0.07141511 0.95916433 0.25456838 0.11454566 0.40456717 0.26399260 0.51179928 0.76931146 0.91630252 0.65710004 output 1 2 3 1 3 4 2 3 5 1 4 5 3 4 5
0.11828565 0.77410130 0.54504960 0.21435262 0.56504790 0.14744937 0.63455330 0.25766688 0.97392983 0.03449772 output 1 2 3 1 2 4 2 3 4 3 4 5 1 4 5
0.06733964 0.96583240 0.16533407 0.14150543 0.43264056 0.38709305 0.75839673 0.22835776 0.99145104 0.05006885 output 1 2 3 2 3 4 1 3 4 2 4 5 1 4 5
0.01376353 0.07552780 0.06864014 0.14610464 0.34176362 0.40621842 0.39610900 0.61572241 0.95396866 0.60508279 output 1 2 4 1 2 5 2 3 4 2 3 5 3 4 5
0.19157236 0.35429729 0.49189128 0.37833656 0.61835551 0.32123442 0.77249203 0.81424040 0.93849597 0.97617932 output 1 2 4 1 2 3 2 3 4 1 4 5 3 4 5
0.02103663 0.45801534 0.09274502 0.72356702 0.09689792 0.83136289 0.52924677 0.27088718 0.91483279 0.05739232 output 1 2 3 2 3 4 1 2 4 1 4 5 3 4 5
0.02077835 0.59173269 0.06003780 0.03959737 0.26070995 0.36118696 0.68928157 0.10268495 0.84790643 0.02092842 output 1 2 3 1 3 4 2 3 4 2 4 5 1 4 5
0.10048062 0.74690458 0.68715294 0.59986732 0.72370099 0.11447802 0.77695673 0.75884050 0.91991805 0.81771896 output 1 2 3 1 2 4 2 3 5 1 4 5 2 4 5
0.22886435 0.14964307 0.64724235 0.30104789 0.73600649 0.40990515 0.86709595 0.19455050 0.87100912 0.19232877 output 1 2 3 1 2 4 2 3 4 1 4 5 3 4 5
0.02626155 0.11783382 0.18107976 0.82476718 0.22281385 0.65493424 0.24384889 0.73142258 0.99711845 0.71437970 output 1 2 3 2 3 4 2 4 5 3 4 5 1 3 5
0.14883916 0.89496428 0.15327628 0.16117552 0.16050799 0.48251735 0.31953287 0.42808864 0.65136528 0.25209704 output 1 2 3 1 3 4 2 3 4 2 4 5 1 4 5
0.00477410 0.08325547 0.08969965 0.63065840 0.16238893 0.56748307 0.19866456 0.54593503 0.54303137 0.39311059 output 1 2 3 2 3 4 1 3 4 2 4 5 1 4 5
0.02881650 0.30401057 0.56770986 0.55987931 0.67842571 0.53217465 0.69662297 0.75942292 0.87449780 0.17542013 output 1 2 5 1 2 4 2 3 4 2 3 5 3 4 5
0.06695505 0.13218210 0.11427943 0.61140401 0.28477165 0.26967476 0.43325778 0.34433364 0.86856948 0.57013059 output 1 2 3 1 3 4 2 3 4 1 4 5 2 4 5
0.00679006 0.56369293 0.21766230 0.39058425 0.29247474 0.21799577 0.30190198 0.33812315 0.59539730 0.74587261 output 1 2 3 1 2 5 2 3 4 2 4 5 3 4 5
0.16344996 0.04442518 0.26874985 0.98684769 0.45950294 0.38739090 0.52070085 0.52302362 0.89780288 0.77236792 output 1 2 3 2 3 4 1 3 5 3 4 5 2 4 5
0.09406416 0.88978323 0.42010812 0.82895651 0.55713081 0.80667737 0.67084740 0.96800864 0.72846068 0.66821633 output 1 2 4 1 2 5 2 3 4 2 3 5 3 4 5
0.15815009 0.08435610 0.47215196 0.79717201 0.55979757 0.36697254 0.70775860 0.39529405 0.97682042 0.27637336 output 1 2 3 1 3 5 2 3 4 3 4 5 2 4 5
0.09108849 0.55311212 0.10880548 0.07588967 0.12555615 0.57151038 0.27413215 0.44289587 0.66593991 0.96253793 output 1 3 4 1 3 5 1 2 4 3 4 5 2 4 5
0.11896079 0.79609881 0.85993839 0.18214571 0.86548906 0.03230548 0.88044611 0.01168873 0.89545769 0.16314637 output 1 2 3 1 2 5 1 3 4 3 4 5 2 3 5
0.34907027 0.21911951 0.54817572 0.33062360 0.70825338 0.43205805 0.76839645 0.61606045 0.77951201 0.45889449 output 1 2 4 1 2 5 2 3 4 2 3 5 3 4 5
0.07425824 0.01543526 0.35923701 0.89816150 0.41758956 0.47326137 0.78428154 0.93904520 0.95018053 0.98669737 output 1 2 3 1 3 5 2 3 4 2 4 5 3 4 5
0.01691016 0.54274275 0.23544541 0.58861147 0.36723705 0.16628181 0.42900864 0.47221007 0.67927140 0.81160666 output 1 2 3 1 2 5 2 3 4 2 4 5 3 4 5
0.04787380 0.90860941 0.10299995 0.08965545 0.37578654 0.53246936 0.54049565 0.86394563 0.80262311 0.84933491 output 1 2 3 1 3 4 2 3 5 1 4 5 3 4 5
0.40224391 0.87843583 0.50318873 0.23001160 0.65264726 0.80036100 0.69609304 0.75322031 0.83115794 0.77972357 output 1 2 4 1 3 4 1 3 5 3 4 5 2 4 5
0.28044787 0.54719529 0.30452997 0.94381577 0.32944600 0.75968523 0.41150653 0.77782020 0.85356192 0.78706109 output 1 2 3 1 3 4 2 3 4 2 4 5 1 4 5
0.11108857 0.60623495 0.62177479 0.68507422 0.78738244 0.76806478 0.94392083 0.87691628 0.95071104 0.71924995 output 1 2 3 1 2 5 1 3 4 2 3 5 3 4 5
0.60104742 0.18886474 0.70118163 0.72475075 0.72513182 0.92345209 0.80316680 0.90414702 0.85501227 0.93834697 output 1 2 3 1 2 5 2 3 4 3 4 5 2 4 5
0.21181537 0.01670958 0.63440486 0.57505071 0.67120422 0.40514531 0.83693911 0.88863744 0.90670143 0.54040450 output 1 2 3 1 2 4 1 3 5 2 3 5 2 4 5
0.54829754 0.74388706 0.62223285 0.58586523 0.66668463 0.01775889 0.85545303 0.28112362 0.90508175 0.21592057 output 1 2 3 1 2 4 2 3 4 3 4 5 1 4 5
0.11079055 0.11722805 0.65303421 0.34791158 0.65324748 0.60094432 0.68866678 0.81205791 0.73205660 0.35784839 output 1 2 3 1 3 4 1 2 5 3 4 5 2 3 5
0.03143172 0.35360712 0.50343442 0.38284606 0.65352733 0.78684117 0.66570133 0.82392759 0.76334531 0.33051826 output 1 2 3 1 2 5 2 3 5 1 3 4 3 4 5
0.11090950 0.62118989 0.28467894 0.99648718 0.39386600 0.67035357 0.59134296 0.25152257 0.81692334 0.00530027 output 1 2 3 1 3 4 2 3 5 1 4 5 3 4 5
0.19521816 0.20260835 0.45911896 0.48312866 0.46838587 0.97137338 0.54825808 0.56727515 0.73835635 0.32420199 output 1 2 3 1 2 5 2 3 4 2 4 5 3 4 5
0.01256118 0.77195482 0.29218527 0.54984584 0.41829261 0.31969066 0.55618213 0.67354094 0.92822194 0.99946246 output 1 2 3 1 2 4 2 3 4 1 4 5 3 4 5
0.12320679 0.11049293 0.16428460 0.73537911 0.56741810 0.46407082 0.57167138 0.53313833 0.75766589 0.59442637 output 1 2 3 2 3 4 1 3 5 2 4 5 3 4 5
0.03667904 0.31826165 0.34348044 0.27253865 0.38558447 0.99308177 0.56601789 0.50233714 0.78306012 0.02732382 output 1 2 4 1 2 5 1 3 4 2 4 5 3 4 5
0.10881239 0.02092448 0.22491154 0.79267619 0.30462449 0.60473862 0.35667787 0.60434186 0.94220288 0.55553211 output 1 2 3 2 3 4 1 3 4 2 4 5 1 4 5
0.18887661 0.50038442 0.45503770 0.41206825 0.58493886 0.42795265 0.69790105 0.16563108 0.79495983 0.87742947 output 1 2 5 1 2 4 2 3 5 2 3 4 3 4 5
0.21929279 0.39088340 0.41820718 0.79394503 0.42618804 0.93081574 0.55481290 0.65101190 0.79367510 0.20015129 output 1 2 3 1 2 4 2 3 4 1 4 5 3 4 5
0.21335805 0.78691821 0.33559839 0.16453623 0.61739012 0.50261010 0.74368998 0.51575690 0.98418131 0.63260743 output 1 2 3 1 3 4 2 3 4 1 4 5 2 4 5
0.15768511 0.13211617 0.42881907 0.39679523 0.50746221 0.27663077 0.67489141 0.96622571 0.82281351 0.37478603 output 1 2 4 1 2 3 1 3 5 2 3 5 2 4 5
0.27345608 0.95373021 0.27680306 0.95161477 0.35185496 0.89679560 0.72629375 0.59992912 0.74999113 0.71660186 output 1 2 3 1 2 5 1 3 4 2 3 5 3 4 5
0.18769855 0.72279885 0.30943922 0.59406642 0.61077680 0.12707832 0.63118255 0.71997176 0.76585371 0.90879002 output 1 2 3 1 2 4 2 3 4 1 4 5 3 4 5
0.00737471 0.75618218 0.25113604 0.32846752 0.30096582 0.19605825 0.50707169 0.66521240 0.77495930 0.99361830 output 1 2 3 1 2 4 2 3 4 1 4 5 3 4 5
0.19061572 0.27014316 0.26234960 0.31285410 0.35808468 0.32104190 0.39173073 0.66109173 0.57438753 0.00469723 output 1 2 4 1 2 3 2 3 4 1 3 5 3 4 5
0.05508343 0.08773388 0.23808071 0.27945315 0.47493468 0.96504350 0.59987496 0.61762501 0.84048089 0.04689907 output 1 2 3 1 2 5 2 3 4 2 4 5 3 4 5
0.15239938 0.69204959 0.43153767 0.72740799 0.50802605 0.54204664 0.53388994 0.72532024 0.89138594 0.80677056 output 1 2 3 1 2 5 2 3 4 2 4 5 3 4 5
0.13153863 0.22582719 0.44555100 0.47624944 0.49158876 0.04358122 0.52740483 0.19982244 0.69886421 0.81350034 output 1 2 4 1 2 5 1 3 4 2 4 5 3 4 5
0.01100872 0.12682697 0.30044582 0.53303290 0.33679055 0.52760665 0.34748831 0.90424705 0.68818772 0.28273089 output 1 2 4 1 2 3 2 3 4 1 3 5 3 4 5
0.17387187 0.38001091 0.18393553 0.46391399 0.19297966 0.63426731 0.26778263 0.37756152 0.52852974 0.29585560 output 1 2 3 1 2 4 2 3 4 1 4 5 3 4 5
0.01128415 0.91505403 0.36195322 0.70892704 0.73164549 0.54533526 0.89528976 0.92896531 0.97174668 0.03407785 output 1 2 5 1 2 4 2 3 4 2 3 5 3 4 5
0.21275515 0.95029043 0.38252908 0.94518751 0.50856487 0.49644576 0.52004863 0.57644467 0.91901640 0.99011635 output 1 2 4 1 2 5 1 3 4 3 4 5 2 4 5
0.03132115 0.31988791 0.40918598 0.55290282 0.47764533 0.39910040 0.88348705 0.28407902 0.91711009 0.95777257 output 1 2 3 1 2 5 1 3 4 2 3 4 2 4 5
0.05858254 0.76657201 0.20452959 0.75131209 0.58428166 0.74060916 0.74876065 0.99395997 0.99904717 0.32461885 output 1 2 5 1 2 4 2 3 4 2 3 5 3 4 5
0.08625690 0.24797635 0.81054840 0.16133567 0.85742542 0.26632405 0.94270421 0.10549863 0.99130928 0.28965827 output 1 2 3 1 2 4 1 3 5 2 3 4 3 4 5
0.28367167 0.87677526 0.50097405 0.76210277 0.51416066 0.32791599 0.60056569 0.10686711 0.84155840 0.65671766 output 1 2 3 1 2 5 1 3 4 3 4 5 2 3 5
0.15441172 0.99422770 0.54896922 0.28441488 0.59313990 0.65772570 0.63665024 0.50988768 0.99970901 0.54607402 output 1 2 3 2 3 4 1 3 5 3 4 5 2 4 5
0.13991035 0.12527161 0.20309483 0.29408247 0.23072482 0.83735609 0.37559798 0.70280077 0.84942496 0.66736417 output 1 2 3 1 2 5 2 3 4 3 4 5 2 4 5
0.26240638 0.46756580 0.41002413 0.47254170 0.50599407 0.57947153 0.78169312 0.71977355 0.90488387 0.37919987 output 1 2 3 1 2 5 1 3 4 2 3 5 3 4 5
0.27667203 0.74911407 0.56749444 0.72677230 0.79851035 0.59155192 0.81278513 0.99843965 0.93304665 0.28661075 output 1 2 5 1 2 4 2 3 4 2 3 5 3 4 5
0.11843025 0.10987727 0.36117424 0.87228194 0.43662399 0.08732528 0.70652373 0.21569440 0.89449339 0.00754317 output 1 2 3 1 3 5 2 3 4 3 4 5 2 4 5
0.14805937 0.69365560 0.29183536 0.60377873 0.44929591 0.47187668 0.63693005 0.39058297 0.86687712 0.28893898 output 1 2 3 1 2 5 2 3 4 3 4 5 2 4 5
0.06737695 0.40353318 0.27410288 0.37270305 0.46624396 0.46578938 0.78804830 0.14932794 0.98435674 0.55866218 output 1 2 4 1 2 3 2 3 4 1 3 5 3 4 5
0.22055360 0.75117505 0.37355536 0.20259484 0.38191613 0.05200179 0.50365346 0.81044140 0.73611878 0.97122509 output 1 2 4 1 2 3 2 3 5 1 4 5 2 4 5
0.05692512 0.56428507 0.30098716 0.48500465 0.66744587 0.54519900 0.80766684 0.67196108 0.93050928 0.07017475 output 1 2 5 1 2 4 2 3 5 2 3 4 3 4 5
0.13228777 0.73517508 0.21675385 0.46434340 0.22361949 0.51030761 0.25730151 0.02888236 0.89004476 0.42495020 output 1 2 4 1 2 3 2 3 5 1 3 5 2 4 5
0.16939889 0.52590212 0.26175601 0.65641977 0.31487953 0.77543006 0.36747887 0.66280140 0.73291525 0.57075060 output 1 2 3 1 2 4 2 3 4 1 4 5 3 4 5
0.09846785 0.92895362 0.15959195 0.23131167 0.19378955 0.47821308 0.30026568 0.43187653 0.56005541 0.60588485 output 1 2 3 2 3 4 1 3 5 3 4 5 2 4 5
0.15483937 0.27474180 0.16106131 0.93390595 0.52334344 0.52623743 0.70051227 0.31158732 0.90505198 0.23058997 output 1 2 3 1 3 4 2 3 5 1 4 5 3 4 5
0.08917553 0.40858041 0.13179074 0.46062001 0.34074583 0.97123478 0.50081558 0.63708994 0.96559218 0.25156108 output 1 2 3 1 2 5 2 3 4 2 4 5 3 4 5
0.02572433 0.68794019 0.13581575 0.50088626 0.31560817 0.34478698 0.41288910 0.00779634 0.61903383 0.35002668 output 1 2 4 1 2 5 2 3 4 2 3 5 3 4 5
0.09081878 0.67717575 0.32466904 0.08871078 0.36197627 0.37570547 0.75382410 0.82884306 0.95665118 0.97948066 output 1 2 3 1 3 4 2 3 4 1 4 5 2 4 5
0.17700224 0.62130980 0.18555753 0.78144671 0.30175231 0.67622079 0.34930013 0.53955194 0.87796413 0.17990356 output 1 2 3 1 3 4 2 3 5 1 4 5 3 4 5
0.09582023 0.00909195 0.30095343 0.17253077 0.38354063 0.65512816 0.43839577 0.43490839 0.71970367 0.08319928 output 1 2 3 1 2 5 2 3 4 2 4 5 3 4 5
0.10461687 0.29310039 0.26390879 0.54099840 0.32480559 0.96498755 0.52528999 0.35106927 0.88555344 0.18099262 output 1 2 3 1 2 4 2 3 4 1 4 5 3 4 5
0.05066199 0.03083155 0.25857631 0.76025578 0.68363151 0.57098548 0.70869696 0.51674414 0.91397725 0.62013374 output 1 2 4 2 3 4 2 3 5 1 4 5 3 4 5
0.20996719 0.26431846 0.31835748 0.74952469 0.44251520 0.39093086 0.57993469 0.18390232 0.82701534 0.07333850 output 1 2 3 1 3 4 2 3 5 1 4 5 3 4 5
0.40020526 0.20932289 0.54653743 0.95455353 0.64585211 0.47835663 0.65570894 0.48115872 0.68893007 0.46152909 output 1 2 3 2 3 4 1 3 5 3 4 5 2 4 5
0.06922023 0.92189763 0.12182549 0.42306473 0.24150682 0.72450624 0.35447306 0.69133732 0.73234903 0.49641192 output 1 2 3 1 3 4 2 3 4 1 4 5 2 4 5
0.19776958 0.06126420 0.29899215 0.63811700 0.48064943 0.26199154 0.64306569 0.38515012 0.83714012 0.48324712 output 1 2 3 1 3 5 2 3 4 3 4 5 2 4 5
0.13942394 0.11755319 0.62060318 0.06595775 0.71787713 0.30666621 0.74641030 0.87067576 0.90775522 0.00134684 output 1 2 3 1 3 4 1 2 5 2 3 5 3 4 5
0.19344810 0.32807037 0.59893204 0.43844838 0.65389532 0.82110840 0.67145592 0.37542872 0.93351492 0.03211390 output 1 2 3 1 2 4 1 4 5 2 3 4 3 4 5
0.01184353 0.11219549 0.37495893 0.50086283 0.44338373 0.93482688 0.50114998 0.79140132 0.85244381 0.85588769 output 1 2 3 1 2 5 2 3 4 3 4 5 2 4 5
0.03343272 0.79268882 0.08130058 0.64505107 0.09695674 0.67217699 0.15500661 0.32361005 0.62826222 0.58427609 output 1 2 4 1 2 3 2 3 4 1 3 5 3 4 5
0.27241849 0.90187045 0.38634931 0.33429107 0.50142438 0.75361034 0.55187166 0.49347103 0.74275888 0.66517943 output 1 2 3 2 3 4 1 3 5 2 4 5 3 4 5
0.25517418 0.96961347 0.40248381 0.15875427 0.40561269 0.13013847 0.73992905 0.56556174 0.92565246 0.53922703 output 1 2 3 2 3 5 1 2 4 1 4 5 2 4 5
0.35521157 0.94805835 0.45697482 0.81815261 0.48457667 0.35105321 0.51386668 0.73746087 0.71122301 0.66787516 output 1 2 3 1 2 5 2 3 4 2 4 5 3 4 5
0.05637019 0.63256408 0.27429072 0.51326105 0.81017792 0.36195289 0.86062683 0.35443454 0.96860986 0.01818343 output 1 2 5 1 2 3 2 3 5 1 3 4 3 4 5
0.43677587 0.52365360 0.47290780 0.40252994 0.49650341 0.30209709 0.58322094 0.33894990 0.72138911 0.26755547 output 1 2 3 1 2 4 2 3 4 3 4 5 1 4 5
0.23150818 0.49716282 0.50948138 0.23648229 0.62169040 0.01745339 0.64005733 0.11097637 0.94444544 0.61133719 output 1 2 3 1 2 5 2 3 4 2 4 5 3 4 5
0.19332688 0.35153034 0.45874591 0.53449780 0.68812862 0.44265730 0.74462072 0.30091195 0.80241849 0.97747270 output 1 2 5 1 2 4 2 3 5 2 3 4 3 4 5
0.20392511 0.80867363 0.55787591 0.67833810 0.75534854 0.01454174 0.83181145 0.61672158 0.92120265 0.98687072 output 1 2 3 1 2 5 2 3 4 2 4 5 3 4 5
0.18433288 0.16794890 0.36265497 0.52137504 0.46880685 0.77855022 0.48052380 0.70193146 0.91909148 0.02321237 output 1 2 3 1 2 5 2 3 4 2 4 5 3 4 5
0.02093922 0.85240448 0.18454780 0.42207506 0.29274377 0.12847472 0.38105230 0.17746672 0.80603105 0.02566150 output 1 2 3 1 2 5 2 3 4 3 4 5 2 4 5
0.19274830 0.75545195 0.61211224 0.89961754 0.70610736 0.98090451 0.74900442 0.45916301 0.96357086 0.26606518 output 1 2 4 1 2 3 2 3 4 1 4 5 3 4 5
0.15414183 0.87020348 0.63969887 0.52429634 0.64884354 0.09522491 0.75866138 0.53178169 0.91586617 0.97787429 output 1 2 3 1 2 5 2 3 4 2 4 5 3 4 5
0.24577754 0.25850922 0.34681429 0.60501699 0.42954008 0.93882651 0.49764501 0.50356736 0.86440180 0.33430635 output 1 2 3 1 2 4 2 3 4 1 4 5 3 4 5
0.40351954 0.77171367 0.48838065 0.66567434 0.59089765 0.20859208 0.62591196 0.82774851 0.74976514 0.89802977 output 1 2 3 1 2 4 2 3 4 1 4 5 3 4 5
0.01762123 0.29550688 0.36395299 0.04600969 0.37256694 0.23039600 0.37351692 0.30900140 0.49925118 0.94771242 output 1 4 5 1 2 3 1 3 4 3 4 5 2 3 5
0.02786243 0.28339517 0.34270689 0.33897813 0.42205514 0.86261718 0.45699452 0.33911456 0.84758732 0.38159919 output 1 2 3 1 2 4 2 3 4 1 4 5 3 4 5
0.04501821 0.70793303 0.54394540 0.10823684 0.63174361 0.52039161 0.64305869 0.44670999 0.95724928 0.99102755 output 1 2 4 1 3 5 1 3 4 3 4 5 2 4 5
0.43472577 0.83956607 0.69656661 0.19528131 0.74197697 0.40798410 0.81189214 0.48232707 0.90982052 0.43146627 output 1 2 3 1 3 4 2 3 5 3 4 5 1 4 5
0.12344237 0.55979282 0.57830577 0.47339953 0.67355186 0.59484188 0.81855010 0.07078703 0.97071957 0.76570186 output 1 2 4 1 2 3 2 3 4 1 3 5 3 4 5
0.08363278 0.98346589 0.62761143 0.01261480 0.81708217 0.72297340 0.85402138 0.80244172 0.98371265 0.81091329 output 1 2 3 1 3 4 1 4 5 2 3 5 3 4 5
0.03691623 0.95686420 0.04611815 0.42108213 0.34615985 0.38952102 0.46316760 0.41114775 0.94017529 0.07928210 output 1 2 3 2 3 5 1 3 4 3 4 5 1 4 5
0.04061072 0.07232282 0.60350388 0.45619570 0.68361765 0.60998183 0.68629558 0.38573667 0.87192908 0.37466492 output 1 2 3 1 2 4 2 3 4 1 4 5 3 4 5
0.25418805 0.61055452 0.64277198 0.28736777 0.66682191 0.74163621 0.80706326 0.14434073 0.96598050 0.90969999 output 1 2 3 1 2 4 1 3 5 2 3 4 3 4 5
0.02840238 0.80361212 0.03176296 0.23731365 0.42307948 0.77058645 0.62474018 0.80046982 0.86950389 0.93120187 output 1 2 3 1 3 5 2 3 4 3 4 5 2 4 5
0.05600973 0.58852701 0.53478073 0.79105700 0.59514389 0.33217905 0.83602022 0.21365376 0.84089872 0.20791723 output 1 2 3 1 3 5 2 3 4 3 4 5 2 4 5
0.48318573 0.81480712 0.60961066 0.75357820 0.72936909 0.15567067 0.82564193 0.57017597 0.98694293 0.59516198 output 1 2 3 1 2 5 2 3 4 2 4 5 3 4 5
0.07417815 0.70086092 0.15410429 0.69050158 0.17707857 0.61531571 0.31758835 0.25753777 0.67065804 0.99468320 output 1 2 3 1 2 5 1 3 4 2 3 5 3 4 5
0.14090007 0.82367203 0.36514055 0.63868786 0.50069271 0.71519313 0.62987970 0.17882469 0.89461127 0.90503107 output 1 2 4 1 2 3 2 3 4 1 3 5 3 4 5
0.09948251 0.04588718 0.31818442 0.23765068 0.61716475 0.44256053 0.68443562 0.84659311 0.95077998 0.57868202 output 1 2 4 1 2 5 2 3 4 2 3 5 3 4 5
0.40413155 0.44238070 0.76463996 0.57154989 0.78716593 0.59876777 0.81153209 0.87091442 0.91113574 0.46397155 output 1 2 4 1 2 5 2 3 4 2 3 5 3 4 5
0.03572275 0.51053084 0.53107499 0.86385667 0.64421149 0.36853678 0.65554933 0.27605246 0.77243333 0.14894487 output 1 2 3 1 3 4 1 4 5 2 3 5 3 4 5
0.20475565 0.25000005 0.36050440 0.72166133 0.38095251 0.62896875 0.42448794 0.54366088 0.88844468 0.47004357 output 1 2 3 1 3 4 2 3 5 3 4 5 1 4 5
0.02387475 0.32237680 0.05612628 0.01133230 0.08544884 0.15647177 0.48944432 0.16972840 0.98320284 0.28320110 output 1 2 3 1 3 4 2 3 4 1 4 5 2 4 5
0.15415300 0.85928340 0.18897078 0.74844106 0.20705092 0.23418531 0.25609208 0.52935015 0.35770267 0.23697970 output 1 2 3 1 2 5 2 3 4 2 4 5 3 4 5
0.24804047 0.52360263 0.36388125 0.58817053 0.45584098 0.57346148 0.56602293 0.88718240 0.69979296 0.31894848 output 1 2 4 1 2 3 2 3 4 1 3 5 3 4 5
0.16934623 0.84541933 0.61298454 0.78353246 0.62457972 0.75324064 0.77705162 0.79175541 0.79376647 0.67810238 output 1 2 3 1 2 4 1 3 5 2 3 4 3 4 5
0.12744732 0.53263510 0.53046108 0.55836276 0.63838637 0.40547654 0.71942129 0.84998475 0.87212200 0.07857179 output 1 2 4 1 2 3 1 3 5 2 3 4 3 4 5
0.22531852 0.65666517 0.58580756 0.53428210 0.59270491 0.01881367 0.61270089 0.57213103 0.92155206 0.95982133 output 1 2 3 1 4 5 1 2 4 2 3 4 3 4 5
0.19758701 0.03378178 0.38042473 0.85966696 0.69484368 0.30853071 0.69687963 0.31498430 0.92138279 0.02388711 output 1 2 4 1 3 5 1 3 4 3 4 5 2 4 5
0.14339451 0.09805387 0.47027148 0.27906702 0.53080224 0.08849487 0.65441956 0.42572167 0.85048729 0.63063002 output 1 2 3 1 2 4 2 3 4 1 4 5 3 4 5
0.01935727 0.08842337 0.12162709 0.21066653 0.35123270 0.30085075 0.58242883 0.94158962 0.83177570 0.03232052 output 1 2 4 1 2 3 2 3 4 1 3 5 3 4 5
0.40828958 0.09301814 0.52575426 0.22751970 0.64473904 0.36700765 0.64802333 0.31800947 0.81124522 0.58762231 output 1 2 5 1 2 4 2 3 4 2 3 5 3 4 5
0.03643677 0.46754237 0.33472644 0.08354605 0.37859381 0.31641962 0.39887161 0.44311072 0.79707846 0.67527825 output 1 2 3 1 3 4 1 4 5 2 3 5 3 4 5
0.19168806 0.44533366 0.36114745 0.17758091 0.51990624 0.47624186 0.54474209 0.56186372 0.83215569 0.97812567 output 1 2 3 1 3 4 1 4 5 2 3 5 3 4 5
0.07014774 0.16017740 0.72025613 0.52066644 0.80567178 0.76697580 0.92314472 0.31098759 0.94544536 0.90877325 output 1 2 3 1 2 4 2 3 4 1 3 5 3 4 5
0.04150894 0.99868766 0.40962715 0.94634694 0.83098603 0.89559091 0.92195183 0.42679877 0.98764833 0.97401608 output 1 2 4 1 2 5 2 3 4 2 3 5 3 4 5
0.05284488 0.51799734 0.46900978 0.48443131 0.48026772 0.71937306 0.54809894 0.44987105 0.81023260 0.01958988 output 1 2 3 1 2 5 2 3 4 2 4 5 3 4 5
0.11266179 0.95407040 0.15717110 0.14345210 0.33619036 0.82189892 0.45937815 0.57056755 0.98835454 0.80628801 output 1 2 3 1 3 5 2 3 4 2 4 5 3 4 5
0.18681784 0.00692847 0.32417542 0.44674769 0.43270062 0.43272763 0.58431829 0.45758702 0.94020052 0.82363742 output 1 2 3 2 3 4 1 3 4 2 4 5 1 4 5
0.17961515 0.92628297 0.21082993 0.03324615 0.21365295 0.24137023 0.67619677 0.28688186 0.85562756 0.09153472 output 1 2 3 2 3 4 1 3 4 2 4 5 1 4 5
0.16311023 0.73947170 0.64468152 0.80819890 0.72324146 0.99934646 0.77083031 0.76585224 0.87313205 0.42485536 output 1 2 5 1 2 3 2 3 4 2 4 5 3 4 5
0.16503160 0.99595050 0.29686956 0.12047816 0.32333466 0.37116653 0.54633663 0.11018635 0.71247178 0.06720403 output 1 2 3 2 3 4 1 3 5 2 4 5 3 4 5
0.00978346 0.71284636 0.14913039 0.40946057 0.23099174 0.00986437 0.71989150 0.08497520 0.88713447 0.09987012 output 1 2 3 1 2 5 2 3 4 3 4 5 2 4 5
0.03437520 0.22180042 0.17615307 0.25779222 0.28820955 0.42459696 0.59861317 0.19520977 0.71565630 0.92154639 output 1 2 3 1 2 4 1 3 5 2 3 4 3 4 5
0.09929767 0.98813653 0.52757434 0.73055433 0.90509261 0.23094274 0.92004711 0.66472918 0.92738529 0.08818099 output 1 2 5 1 2 4 2 3 4 2 3 5 3 4 5
0.13283820 0.94629299 0.24133438 0.58391873 0.36231733 0.17454850 0.44933150 0.80743059 0.86240683 0.85627806 output 1 2 3 1 2 4 2 3 4 1 4 5 3 4 5
0.13537637 0.46791757 0.19363388 0.48148651 0.64409708 0.93037143 0.91371655 0.57113296 0.98858475 0.54938812 output 1 2 3 1 2 5 2 3 4 2 4 5 3 4 5
0.14696690 0.33517428 0.28046562 0.09989212 0.48676194 0.26862577 0.64429428 0.46465412 0.92968812 0.54964170 output 1 2 3 1 3 4 2 3 5 1 4 5 3 4 5
0.15666088 0.95875561 0.27276865 0.81383691 0.39320149 0.76502348 0.49868611 0.42714834 0.72806903 0.82757753 output 1 2 4 1 2 3 2 3 4 1 3 5 3 4 5
0.29017815 0.88065559 0.32902999 0.81316856 0.46626605 0.80897931 0.52760239 0.13656183 0.77095024 0.90994839 output 1 2 4 1 2 3 2 3 4 1 3 5 3 4 5
0.22774652 0.44840670 0.53038774 0.46351654 0.63094526 0.52311409 0.84607854 0.01073649 0.94402590 0.63343361 output 1 2 4 1 2 3 2 3 4 1 3 5 3 4 5
0.30327270 0.94350049 0.41888640 0.14143205 0.48725205 0.34528329 0.73612647 0.70846458 0.86828931 0.71051795 output 1 2 3 2 3 5 1 3 4 1 4 5 3 4 5
0.04151286 0.44775315 0.33301783 0.27120283 0.57535697 0.08309850 0.82955404 0.08130671 0.94085334 0.05469863 output 1 2 3 1 2 4 2 3 4 3 4 5 1 4 5
0.21075033 0.34421834 0.46958066 0.34354460 0.65469130 0.22908246 0.79288807 0.42643641 0.99809079 0.51076559 output 1 2 3 1 2 4 2 3 4 1 4 5 3 4 5
0.30286949 0.87414443 0.41202874 0.61481908 0.44848290 0.09984739 0.50214308 0.40992473 0.64942271 0.71664875 output 1 2 3 1 2 5 2 3 4 2 4 5 3 4 5
0.37602101 0.75508320 0.79618478 0.57184430 0.83257306 0.43875649 0.97048119 0.59042600 0.97828976 0.07060194 output 1 2 3 1 3 5 1 2 4 2 3 4 3 4 5
0.15313360 0.75951701 0.24004475 0.67549683 0.30201090 0.21274534 0.32662017 0.34487240 0.53469929 0.75011837 output 1 2 4 1 2 5 1 3 4 3 4 5 2 4 5
0.40827245 0.64386553 0.46617325 0.54068349 0.48914473 0.35211469 0.59808330 0.74120049 0.68842603 0.88160630 output 1 2 3 1 2 4 2 3 4 1 4 5 3 4 5
0.14724520 0.61335769 0.33859826 0.61579951 0.39935240 0.56652749 0.42470409 0.98310469 0.74454650 0.39266195 output 1 2 4 1 2 3 2 3 4 1 3 5 3 4 5
0.29923800 0.57662120 0.57257764 0.35697786 0.69995168 0.52142899 0.70978930 0.13898882 0.73001345 0.98138833 output 1 2 4 1 2 3 1 3 5 2 3 4 3 4 5
0.09601978 0.06538587 0.09987615 0.99869631 0.10516361 0.96163297 0.19376347 0.38813118 0.63553344 0.16905893 output 1 2 3 2 3 5 1 3 4 1 4 5 3 4 5
0.11147058 0.78870260 0.20846463 0.37393468 0.32635749 0.62060951 0.43857677 0.80855497 0.69832589 0.94748595 output 1 2 3 1 3 4 2 3 5 1 4 5 3 4 5
0.27365665 0.77298248 0.35348632 0.23949457 0.38361374 0.30963385 0.46588215 0.44380090 0.56342812 0.47304807 output 1 2 3 2 3 5 1 3 4 3 4 5 1 4 5
0.21164700 0.75581365 0.61367489 0.77063565 0.63869998 0.38300971 0.72433621 0.09459639 0.84680980 0.92400975 output 1 2 3 1 3 4 1 2 5 2 3 5 3 4 5
0.14286270 0.65635651 0.52335561 0.92269866 0.55154899 0.64187272 0.62627315 0.48999946 0.79146896 0.29436420 output 1 2 3 1 3 4 2 3 4 1 4 5 2 4 5
0.07212195 0.45971067 0.28895399 0.54043073 0.31688825 0.59799911 0.55356138 0.83971936 0.77621145 0.11902341 output 1 2 5 1 2 3 1 3 4 2 3 5 3 4 5
0.16922222 0.88770270 0.38826592 0.44100604 0.44511996 0.36429640 0.48848565 0.18759038 0.93688652 0.92782423 output 1 2 4 2 3 4 1 2 5 2 3 5 3 4 5
0.05744278 0.15577567 0.44372284 0.52731880 0.52395784 0.90528139 0.54365162 0.59507117 0.86663529 0.14242348 output 1 2 3 1 2 5 2 3 4 2 4 5 3 4 5
0.19946476 0.30584108 0.46311237 0.48209175 0.62428225 0.62037528 0.93726033 0.38314020 0.98983151 0.91540932 output 1 2 3 1 2 4 1 3 5 2 3 4 3 4 5
0.18325908 0.10479429 0.25573300 0.84946752 0.32925736 0.58712498 0.49117588 0.54054967 0.77653984 0.37080638 output 1 2 3 2 3 4 1 3 4 2 4 5 1 4 5
0.39126808 0.02381889 0.44930119 0.86513364 0.50645458 0.79734265 0.78046189 0.42879700 0.83129398 0.47610431 output 1 2 3 2 3 5 1 3 4 1 4 5 3 4 5
0.47834462 0.49735746 0.53764283 0.01889070 0.54919169 0.16167723 0.58072008 0.38157132 0.81873592 0.86057563 output 1 2 3 1 3 4 1 4 5 2 3 5 3 4 5
0.22504284 0.67423552 0.48800884 0.59227934 0.53910007 0.62799252 0.78620971 0.69699426 0.89948122 0.12278243 output 1 2 5 1 2 3 2 3 5 1 3 4 3 4 5
0.09881782 0.29446691 0.19412142 0.64958726 0.48766842 0.34831991 0.72145257 0.31310198 0.93721797 0.17877272 output 1 2 3 1 3 5 2 3 4 3 4 5 2 4 5
0.07553059 0.92366262 0.23841806 0.30928382 0.25930807 0.03936683 0.35833169 0.79643298 0.88075418 0.84115178 output 1 2 3 1 2 4 2 3 5 1 4 5 2 4 5
0.03150975 0.44757642 0.79813096 0.69434390 0.82863552 0.79293373 0.92359246 0.38685773 0.95026040 0.31330197 output 1 2 4 1 2 3 2 3 4 1 4 5 3 4 5
0.08422584 0.58054551 0.38027770 0.52309372 0.47707125 0.47278720 0.47925113 0.10764076 0.60596241 0.54180492 output 1 2 4 1 2 5 2 3 4 2 3 5 3 4 5
0.20498537 0.89710740 0.56950783 0.07447876 0.66932923 0.37527230 0.77319962 0.67465491 0.97213516 0.71925338 output 1 2 3 1 3 4 2 3 5 1 4 5 3 4 5
0.03442300 0.05741744 0.35780899 0.53331482 0.40728558 0.21214192 0.42608080 0.52741827 0.60804284 0.96776895 output 1 2 3 1 2 5 2 3 4 2 4 5 3 4 5
0.13753585 0.74259619 0.38390416 0.63110463 0.40891656 0.66088178 0.50351691 0.30643574 0.65707810 0.90260215 output 1 2 4 1 2 3 1 3 5 2 3 4 3 4 5
0.08999219 0.49211329 0.18161512 0.83025385 0.28073152 0.77882051 0.61649040 0.81754525 0.83953410 0.90451621 output 1 2 3 2 3 4 1 3 4 2 4 5 1 4 5
0.45559509 0.54915610 0.57382793 0.46887022 0.61585490 0.82416993 0.69964508 0.99482758 0.71337758 0.31027876 output 1 2 3 1 2 5 1 3 4 2 3 5 3 4 5
0.51109222 0.88887058 0.75318270 0.62024304 0.78207604 0.67103783 0.79616145 0.71609527 0.91480832 0.43805961 output 1 2 3 1 2 5 1 3 4 2 3 5 3 4 5
0.23075241 0.43597056 0.35517237 0.96189470 0.42343371 0.81054213 0.53456205 0.70118854 0.91742975 0.41666324 output 1 2 3 2 3 4 1 3 4 1 4 5 2 4 5
0.18885823 0.74311977 0.26247953 0.38803418 0.33029601 0.47243043 0.67336397 0.75456399 0.82493090 0.81904386 output 1 2 3 2 3 5 1 3 4 1 4 5 3 4 5
0.13731959 0.74641174 0.26503235 0.56502402 0.30408714 0.72779573 0.39519977 0.93128305 0.42764990 0.09858267 output 1 2 3 1 2 5 1 3 4 2 3 5 3 4 5
0.12250922 0.14943201 0.79544025 0.30634215 0.86801974 0.32656380 0.87453660 0.75025682 0.92112136 0.13322832 output 1 2 4 1 2 5 2 3 4 2 3 5 3 4 5
0.49969721 0.97748011 0.60366749 0.19171794 0.65737416 0.78352492 0.72504352 0.95255466 0.89457097 0.97924946 output 1 2 3 1 3 4 1 4 5 2 3 5 3 4 5
0.10560655 0.68769941 0.20702024 0.40479656 0.28618300 0.61899461 0.36028517 0.53159183 0.87969573 0.53842891 output 1 2 3 1 3 5 2 3 4 2 4 5 3 4 5
0.18566056 0.86370954 0.50795819 0.55373770 0.82562643 0.00770054 0.91081504 0.38832287 0.98934991 0.59690042 output 1 2 3 1 2 5 2 3 4 2 4 5 3 4 5
0.13120171 0.32741670 0.40367395 0.35726560 0.48430145 0.23684586 0.64958561 0.67087168 0.84852405 0.04957100 output 1 2 4 1 2 3 2 3 4 1 3 5 3 4 5
0.18377571 0.47020281 0.34267872 0.56218457 0.39380812 0.51115883 0.47591738 0.72734692 0.56502582 0.25325683 output 1 2 4 1 2 3 1 3 5 2 3 4 3 4 5
0.12200376 0.58806066 0.47606358 0.66405710 0.66911596 0.54136209 0.67418321 0.46860125 0.74936579 0.81983320 output 1 2 4 1 2 5 2 3 5 2 3 4 3 4 5
0.00444967 0.27996109 0.07334615 0.39232630 0.16518552 0.87373111 0.20450619 0.63124625 0.38728955 0.47965915 output 1 2 3 1 2 5 2 3 4 2 4 5 3 4 5
0.05989062 0.25281781 0.34550848 0.29212593 0.43689483 0.32157109 0.50441419 0.16229152 0.53959731 0.93887833 output 1 2 5 1 2 4 2 3 5 2 3 4 3 4 5
0.17699802 0.97407046 0.20504556 0.00009402 0.21698729 0.37954888 0.26535454 0.74426733 0.94504598 0.39181458 output 1 2 3 1 3 4 1 4 5 2 3 5 3 4 5
0.08105121 0.97238374 0.16287012 0.65728040 0.26051565 0.69681378 0.66272768 0.40404581 0.74029967 0.33584044 output 1 2 3 2 3 4 1 3 4 2 4 5 1 4 5
0.11871463 0.41594566 0.36672714 0.42214035 0.48811352 0.43458428 0.64512156 0.81117373 0.67526786 0.17368208 output 1 2 4 1 2 5 2 3 4 2 3 5 3 4 5
0.16242999 0.36085533 0.42758729 0.31050430 0.48613060 0.53600620 0.60228448 0.93134084 0.76574024 0.05763686 output 1 2 3 1 2 5 1 3 4 2 3 5 3 4 5
0.08650329 0.36899455 0.13017726 0.44011533 0.21204805 0.41646567 0.28868082 0.87553923 0.83530557 0.06118632 output 1 2 4 1 2 3 2 3 4 1 3 5 3 4 5
0.21272461 0.71941735 0.45392803 0.64314824 0.72611554 0.05430753 0.72826915 0.04591800 0.87283791 0.96207650 output 1 2 3 1 2 5 2 3 5 1 3 4 3 4 5
0.08470441 0.02579490 0.08937355 0.81019088 0.15377610 0.55038975 0.55603979 0.47523340 0.60522323 0.48893257 output 1 2 3 2 3 4 1 3 4 2 4 5 1 4 5
0.05114890 0.10537222 0.14823735 0.22331393 0.33814322 0.68674854 0.37954924 0.56667211 0.92679442 0.55897469 output 1 2 3 1 2 5 2 3 4 3 4 5 2 4 5
0.44574913 0.84155768 0.46001152 0.75356585 0.52497129 0.33531253 0.62505381 0.67590739 0.98611850 0.69255345 output 1 2 3 1 2 4 2 3 4 1 4 5 3 4 5
0.26219740 0.89427826 0.32752921 0.21891027 0.44367062 0.69660006 0.52418249 0.42604303 0.95296290 0.82928277 output 1 2 3 2 3 4 1 3 5 2 4 5 3 4 5
0.23225942 0.19388209 0.36546743 0.39513692 0.42092280 0.48194014 0.51557673 0.18828386 0.88646466 0.16234940 output 1 2 3 1 2 4 2 3 4 1 4 5 3 4 5
0.04812608 0.13532684 0.10045034 0.13463984 0.35593229 0.36147309 0.38385907 0.00535162 0.81047191 0.72414538 output 1 2 3 1 2 4 2 3 4 1 3 5 3 4 5
0.26327111 0.23358525 0.40000231 0.68667514 0.52728157 0.45092899 0.61489039 0.47660133 0.80607559 0.41723378 output 1 2 3 1 3 5 2 3 4 3 4 5 2 4 5
0.05948093 0.55519916 0.38405032 0.53697974 0.52608701 0.69669645 0.61563072 0.48851473 0.88110810 0.43313051 output 1 2 3 1 2 4 2 3 4 1 4 5 3 4 5
0.00769726 0.87060894 0.23827396 0.19498655 0.31627563 0.24483938 0.63963639 0.52262998 0.98831741 0.37218106 output 1 2 3 2 3 5 1 3 4 1 4 5 3 4 5
0.14094589 0.61927125 0.24071655 0.59333315 0.36850258 0.28680160 0.37674391 0.36272107 0.40680292 0.62472832 output 1 2 4 1 2 5 2 4 5 1 3 4 3 4 5