0.27692297 0.31709948 0.03183285 0.69482863 0.70604610 0.82345784 0.09713178 0.03444608 0.04617139 0.95022207 output 3 2 5 2 4 1 3 1 2 1 4 3
0.38155845 0.44558620 0.76551682 0.64631301 0.43874437 0.48976439 0.18687260 0.75468665 0.79519987 0.70936483 output 4 2 5 2 3 1 4 1 3 2 3 4
0.16261174 0.58526772 0.27602509 0.49836406 0.65509802 0.34038574 0.67970270 0.95974398 0.11899768 0.22381194 output 3 5 2 2 4 3 4 1 2 2 5 1
0.84071726 0.34998378 0.81428480 0.25108385 0.25428218 0.19659525 0.92926359 0.47328886 0.24352497 0.61604470 output 2 1 3 4 5 1 1 2 4 1 5 3
0.52853316 0.68921453 0.79428452 0.26297128 0.16218232 0.60198194 0.31121504 0.65407908 0.16564873 0.74815160 output 1 4 2 4 2 3 5 3 4 4 5 1
0.77491045 0.25987041 0.10665277 0.86869472 0.96189809 0.08443585 0.00463422 0.39978266 0.81730324 0.80006850 output 4 3 1 4 1 2 5 1 2 5 1 3
0.26380292 0.54986018 0.14553899 0.14495480 0.18184704 0.57970458 0.43141383 0.13606855 0.91064757 0.86929220 output 2 1 4 5 1 4 5 1 3 2 3 1
0.35095239 0.12331893 0.40180802 0.23995253 0.62205511 0.23991615 0.85303110 0.07596669 0.51324952 0.18390779 output 5 1 4 5 4 3 2 5 3 1 5 2
0.41726708 0.48925263 0.49086410 0.11120276 0.04965443 0.33771941 0.90271610 0.90005386 0.94478720 0.36924678 output 4 5 1 2 5 1 3 1 2 4 1 3
0.40391216 0.57520860 0.38973883 0.94205058 0.78025210 0.13197330 0.09645453 0.05977954 0.24169129 0.95613456 output 3 1 4 1 3 2 5 2 1 5 1 4
0.23477991 0.16899003 0.04302380 0.45092371 0.01540344 0.64774597 0.35315856 0.64911544 0.82119405 0.73172241 output 4 5 1 4 5 3 2 4 3 2 1 4
0.48679164 0.51077157 0.44678375 0.79483140 0.92938596 0.30634946 0.43585858 0.81762773 0.77571267 0.50850868 output 5 2 1 1 3 5 1 4 2 2 4 5
0.37860939 0.87594283 0.64431810 0.93900156 0.35072711 0.58704472 0.81158048 0.55015635 0.53282559 0.62247509 output 2 1 5 4 5 3 3 5 1 4 2 5
0.47092336 0.17070805 0.84430879 0.43569869 0.20774229 0.19476429 0.23048817 0.22766431 0.30124632 0.22592178 output 3 5 1 5 2 1 2 5 4 3 5 4
0.59489608 0.11741765 0.60284311 0.31877831 0.26221174 0.29667586 0.22174673 0.50785828 0.71121579 0.42416677 output 2 4 5 3 2 4 2 5 1 2 3 1
0.02922028 0.23728357 0.08551580 0.73033088 0.92885417 0.45884883 0.26248223 0.48860896 0.80101460 0.57852507 output 3 4 5 2 5 4 4 3 1 1 2 4
0.48889774 0.98798198 0.52113581 0.39551523 0.96308851 0.62406009 0.54680574 0.67913556 0.23159438 0.36743665 output 4 1 5 4 2 3 2 5 4 4 3 1
0.18292247 0.16792715 0.88651192 0.71269447 0.02867415 0.50047159 0.23993202 0.97868067 0.48990139 0.47108838 output 5 4 2 5 1 2 3 5 4 5 1 3
0.05961887 0.09673003 0.04243114 0.81754708 0.52164984 0.14986543 0.68197191 0.81814855 0.07144546 0.72243959 output 4 3 5 1 5 2 1 3 5 2 4 5
0.65960526 0.45379770 0.51859492 0.43239149 0.80033058 0.13317101 0.64899147 0.08346981 0.97297454 0.82531381 output 1 3 5 4 1 3 2 1 4 5 1 2
0.39093781 0.52687585 0.17338862 0.39925778 0.83137971 0.41679946 0.80336440 0.65685987 0.06047118 0.62797338 output 3 1 4 5 1 4 5 2 1 2 1 3
0.43165118 0.37240973 0.16716841 0.33949342 0.98406374 0.48968765 0.29198408 0.10621634 0.01548713 0.19811840 output 2 5 4 3 1 4 2 3 1 2 4 1
0.56119978 0.46072593 0.19043326 0.85552281 0.03260082 0.36891654 0.66917533 0.15640496 0.88186651 0.98163795 output 5 1 4 2 1 5 1 2 3 3 1 4
0.48202205 0.58298635 0.64476454 0.12061161 0.42825300 0.38461912 0.19092371 0.22618768 0.37627220 0.58950746 output 4 5 3 2 4 3 2 3 1 1 5 3
0.53086430 0.96864933 0.81998122 0.10562920 0.65444571 0.53133392 0.40761921 0.32514569 0.71835893 0.61095864 output 4 3 1 3 4 2 5 3 2 3 1 5
0.09082329 0.52714276 0.26647148 0.45742437 0.42345291 0.44008514 0.15365672 0.87537158 0.77880222 0.28100529 output 3 2 4 3 5 4 1 2 4 5 3 2
0.51805210 0.67612231 0.94362265 0.28906456 0.95769393 0.69514048 0.63770908 0.67180818 0.24070704 0.06799277 output 3 2 4 5 1 2 3 4 1 2 4 1
0.42434904 0.47135714 0.46244916 0.78473932 0.00115106 0.32247180 0.91599125 0.77015972 0.46091637 0.03576273 output 2 3 1 4 1 5 1 5 3 1 4 2
0.64761764 0.70928168 0.67901677 0.23623058 0.63578671 0.11939625 0.20893492 0.45013770 0.94517410 0.60730392 output 1 2 4 2 1 5 2 4 3 3 5 2
0.35021800 0.25644100 0.45872548 0.41615859 0.66194475 0.84192914 0.77028549 0.83291680 0.66200960 0.61346072 output 5 1 2 3 4 5 2 3 5 3 1 2
0.86113983 0.52005249 0.53034425 0.74125797 0.52540439 0.67143112 0.09382003 0.39345637 0.69626635 0.48485333 output 2 4 3 2 5 1 3 2 5 5 4 3
0.58598703 0.66094458 0.66641623 0.89075214 0.08348281 0.98230320 0.24673453 0.72975188 0.73864031 0.62595981 output 2 4 1 3 2 4 1 5 2 4 5 1
0.58144647 0.86271071 0.01698294 0.20940508 0.76902908 0.12085957 0.58009034 0.84485567 0.92831308 0.48429650 output 3 2 4 5 1 4 5 4 3 2 4 1
0.55229133 0.04953258 0.03199102 0.19251040 0.61471343 0.12308375 0.36241147 0.20549417 0.62988341 0.48956999 output 2 5 4 4 5 3 4 3 1 4 1 2
0.63519794 0.53580105 0.18907218 0.69516301 0.04265241 0.49911600 0.28186685 0.44518316 0.14651491 0.53859669 output 2 4 5 5 4 3 2 1 4 3 2 5
0.08207121 0.57370979 0.10570943 0.05207789 0.94793314 0.62095863 0.14204112 0.93120140 0.16646044 0.72866166 output 5 1 3 3 4 5 4 1 5 2 1 3
0.98439831 0.39858949 0.86044055 0.51337743 0.73784167 0.85893881 0.06340450 0.78555900 0.93440515 0.17760246 output 2 4 3 5 1 2 3 2 1 4 5 2
0.29553384 0.84220660 0.03088955 0.46706820 0.13393125 0.33293629 0.30130607 0.02522818 0.93914169 0.64819843 output 1 3 2 2 4 3 5 1 3 3 4 5
0.44602665 0.89848614 0.85409993 0.66280806 0.05423948 0.11815520 0.34787920 0.33082899 0.55903256 0.17710753 output 4 5 2 1 2 4 4 5 3 4 1 3
0.99949163 0.81820405 0.98841792 0.41452253 0.70691741 0.76395708 0.53998208 0.46483994 0.28784934 0.10022154 output 3 1 2 3 5 4 5 4 2 3 2 4
0.17811695 0.17566903 0.05670469 0.90515357 0.52188569 0.67539120 0.35963491 0.20894668 0.33584896 0.46846819 output 5 1 2 4 1 5 5 3 2 3 4 5
0.33209282 0.50542814 0.10166939 0.29824397 0.99538976 0.04635126 0.45605767 0.06204522 0.29734683 0.76142591 output 1 5 3 1 2 4 5 1 2 4 1 3
0.90513474 0.29397306 0.77724051 0.33809772 0.08989165 0.10915421 0.63107002 0.53377193 0.08086242 0.82580888 output 2 1 3 4 2 1 4 2 3 3 4 5
0.66791612 0.78137708 0.60346800 0.28797698 0.74631345 0.52610248 0.04844734 0.70725352 0.01033662 0.72970945 output 4 5 1 4 1 2 5 4 2 1 2 3
0.13208295 0.32881421 0.11035348 0.74913144 0.68371558 0.64071792 0.72272456 0.65381199 0.11749285 0.58318573 output 3 1 4 2 3 4 5 1 3 3 5 2
0.20602787 0.55177855 0.78936392 0.20567451 0.77193391 0.64194059 0.36765292 0.38827163 0.08666655 0.22895326 output 2 3 4 1 4 3 2 5 4 1 4 5
0.48448038 0.23737302 0.15184553 0.53087229 0.10060632 0.40531543 0.29406634 0.10484625 0.78193200 0.09149873 output 4 1 5 1 3 2 1 4 3 5 2 1
0.10975505 0.48760378 0.18746081 0.39600676 0.79783028 0.03723463 0.26617885 0.27293879 0.93375987 0.76895827 output 4 5 3 5 2 1 2 1 4 4 2 5
0.05940330 0.13015145 0.45173922 0.69643301 0.67329490 0.31581143 0.42956445 0.77272213 0.60985714 0.12533218 output 2 4 1 2 3 4 5 3 1 1 2 3
0.18443367 0.55778897 0.91380042 0.62249726 0.21203084 0.31342900 0.55573791 0.70671523 0.07734681 0.16620356 output 3 2 4 4 1 3 3 1 5 2 3 5
0.59749019 0.35960633 0.29922503 0.74254537 0.45259255 0.42433479 0.33531132 0.55831921 0.42264566 0.42935580 output 5 3 4 2 1 3 3 1 5 3 2 4
0.65369016 0.76389796 0.29018527 0.45788634 0.31752059 0.24047840 0.12487276 0.95693594 0.02443402 0.93573087 output 1 2 3 1 2 4 2 5 3 4 2 5
0.89438939 0.54088408 0.70270228 0.03656302 0.16356991 0.15359038 0.51655823 0.67973387 0.66598719 0.95345706 output 4 1 5 1 4 2 2 4 3 3 4 5
0.92367560 0.79465789 0.65369987 0.57739419 0.16351236 0.25761375 0.93261355 0.44003561 0.02053577 0.92109728 output 1 4 2 2 5 1 4 2 3 3 2 5
0.31742787 0.63566136 0.50563663 0.86674988 0.81453979 0.95089442 0.85226387 0.06001882 0.78907353 0.44396415 output 5 1 4 2 5 1 5 3 2 5 3 4
0.35507366 0.38724542 0.65245110 0.42111224 0.22417150 0.02513499 0.63118875 0.60499066 0.99700326 0.14218716 output 2 1 4 4 5 2 3 2 5 2 3 1
0.64011657 0.66061682 0.22377039 0.04505111 0.08750035 0.34743765 0.18061689 0.38386860 0.37356380 0.72317350 output 4 2 3 4 1 2 5 3 4 5 1 4
0.74584746 0.53005171 0.91056997 0.61727923 0.62734652 0.81311280 0.02164981 0.38330632 0.80055869 0.57549489 output 1 5 2 1 3 5 3 5 2 1 4 3
0.24862896 0.02999195 0.22771282 0.08707722 0.45163876 0.53566420 0.80444956 0.80209142 0.27506977 0.98610425 output 5 3 4 3 2 5 3 1 4 1 3 2
0.13786899 0.61644351 0.10694166 0.98434943 0.21780159 0.93966103 0.04181986 0.41062909 0.18214108 0.35445574 output 4 5 1 1 3 5 1 2 4 2 1 3
0.78287208 0.77095419 0.84321332 0.70433962 0.00980225 0.37818614 0.69378763 0.04265986 0.92233199 0.72951305 output 2 4 1 2 5 1 4 5 2 3 1 4
0.18222751 0.09908965 0.19324534 0.77249509 0.10788891 0.89589155 0.48976380 0.55729514 0.09909528 0.04416557 output 4 2 1 4 3 2 3 2 5 1 5 2
0.81160259 0.92735624 0.50128293 0.89444774 0.43172118 0.13754658 0.99756032 0.39000490 0.48565167 0.91749382 output 2 5 1 3 4 2 3 2 5 4 1 2
0.71357399 0.73058534 0.12477404 0.74982220 0.93602735 0.39828223 0.34328789 0.83315200 0.61833739 0.64647740 output 5 3 2 4 2 5 1 3 5 1 5 4
0.55226159 0.36063656 0.97912914 0.75650954 0.54930854 0.41390076 0.83522052 0.33042362 0.32246041 0.61947155 output 2 4 3 1 3 4 5 3 2 5 3 1
0.85618228 0.13860172 0.73105085 0.36615679 0.28150770 0.58820939 0.71504503 0.83672279 0.13776289 0.80675954 output 3 2 1 3 4 2 5 3 4 4 1 2
0.48959434 0.04229780 0.35314181 0.18920684 0.50378078 0.96353030 0.44944355 0.66712028 0.87704873 0.97295833 output 2 4 1 3 2 4 5 1 4 5 3 4
0.39901996 0.54490590 0.34237349 0.89363271 0.73596615 0.05479179 0.04740146 0.68622345 0.93004066 0.79468215 output 1 4 3 1 4 2 1 2 5 3 1 5
0.54366320 0.47062472 0.98477626 0.56071341 0.83896959 0.74901849 0.28594685 0.43326056 0.71567810 0.26909155 output 3 4 1 3 1 2 1 5 4 1 2 5
0.47557294 0.13350385 0.64680970 0.78811342 0.13872464 0.66851223 0.50388777 0.36245927 0.30774558 0.78029585 output 4 2 5 4 5 3 4 1 3 2 1 4
0.93940973 0.59752655 0.30081901 0.89611137 0.02155589 0.28662038 0.55984074 0.80082029 0.98090363 0.88401675 output 4 1 5 4 3 2 4 3 1 5 4 2
0.88283759 0.89971346 0.78442311 0.14887673 0.24668720 0.59886807 0.38888377 0.91371167 0.45474184 0.55828494 output 5 2 1 5 3 4 5 4 1 2 5 3
0.45642459 0.67477649 0.71379560 0.43850881 0.88440508 0.43782017 0.32604218 0.01861277 0.57473713 0.72085565 output 2 3 5 4 2 1 3 2 4 5 1 2
0.81468171 0.54655379 0.34271321 0.39813089 0.32485545 0.56192017 0.11703682 0.37569213 0.24622811 0.39582223 output 4 5 3 3 1 2 4 5 2 3 5 2
0.72234851 0.08424705 0.65753055 0.13433833 0.95091522 0.06046677 0.40007976 0.16389832 0.51536721 0.83187133 output 2 1 3 2 4 5 3 5 2 2 1 4
0.09537269 0.57083845 0.30172679 0.63114119 0.53990507 0.97422165 0.32421991 0.14651486 0.01168099 0.85932040 output 2 4 1 2 1 5 2 4 3 5 3 2
0.99685019 0.49180624 0.55354154 0.07103708 0.51545846 0.88773924 0.43000180 0.43618497 0.33068207 0.06463359 output 1 4 2 2 5 4 5 4 3 4 3 1
0.81864077 0.89786565 0.61347491 0.25858226 0.88623506 0.59336185 0.39453468 0.19078465 0.82662952 0.93111163 output 3 1 5 5 4 1 1 2 3 4 1 2
0.20207509 0.69538993 0.61280960 0.42791092 0.81942225 0.96605277 0.53188914 0.62005508 0.50384009 0.45389348 output 4 5 1 3 2 4 4 1 3 2 4 5
0.51699042 0.42645553 0.34689519 0.69480330 0.72016460 0.56205606 0.15649521 0.73138708 0.55669463 0.83627039 output 5 2 4 2 4 1 1 3 2 2 5 3
0.73427111 0.70557183 0.45421237 0.69375259 0.38638991 0.94521350 0.36003104 0.43027785 0.77555466 0.78423262 output 2 1 5 2 3 5 1 4 2 2 4 3
0.52012944 0.51699674 0.01962107 0.86386824 0.83222151 0.90805221 0.61739016 0.10801669 0.43517554 0.09769792 output 4 1 5 5 1 2 3 1 2 3 1 4
0.00457962 0.50513309 0.84870923 0.10075051 0.55937058 0.98696828 0.76668203 0.27142161 0.14315602 0.91682124 output 2 1 4 1 3 4 2 4 3 1 3 5
0.66159618 0.44063467 0.08296265 0.59048319 0.58560914 0.17104802 0.50784886 0.51697904 0.76288712 0.93855786 output 4 1 3 4 3 2 4 5 1 2 5 4
0.40677676 0.83336353 0.30018440 0.36044890 0.86688703 0.40138686 0.44384584 0.39017594 0.11261514 0.40362865 output 2 1 5 2 1 4 2 4 3 4 1 3
0.39388344 0.14248405 0.24357337 0.22067688 0.00339412 0.26807600 0.07408958 0.18917967 0.78507006 0.00130057 output 1 2 5 2 1 4 3 4 2 4 5 1
0.90105790 0.52378005 0.59888560 0.37601113 0.17489207 0.22118446 0.13864897 0.48267138 0.93937975 0.26487258 output 3 5 2 2 4 3 4 2 1 1 5 2
0.77236623 0.40243354 0.21810873 0.85637689 0.55230981 0.89092880 0.70595074 0.22802833 0.64512879 0.37086472 output 4 2 5 1 3 5 4 1 5 2 3 5
0.71649736 0.40385672 0.17930184 0.54856628 0.33653292 0.04873859 0.18771295 0.55273211 0.53242648 0.32192719 output 1 4 5 5 4 2 1 5 3 2 5 3
0.24150173 0.81871444 0.95641637 0.36037099 0.24314518 0.72826183 0.15415946 0.17581172 0.27481139 0.93566138 output 2 4 3 3 1 5 2 3 5 1 3 4
0.83717066 0.68663782 0.97149962 0.71943277 0.05693289 0.65004075 0.02485523 0.45032382 0.67143679 0.58247030 output 1 3 5 2 3 1 3 4 5 5 2 1
0.34164411 0.39710885 0.27321672 0.43504071 0.19303982 0.15194708 0.39066753 0.13111471 0.93289793 0.37472248 output 2 1 5 4 5 1 1 3 2 3 1 4
0.01097909 0.56935817 0.61462694 0.44801971 0.09151317 0.23536678 0.78972983 0.49628890 0.57326037 0.06140144 output 1 2 3 4 2 1 2 3 5 2 5 4
0.60026217 0.91106707 0.25526220 0.22988608 0.17260450 0.69963378 0.62026006 0.85857052 0.09034674 0.72518235 output 3 1 4 2 3 5 5 1 3 2 4 3
0.98843926 0.72568792 0.57605344 0.32094103 0.40384337 0.06060637 0.81062812 0.51140893 0.08999881 0.55655575 output 2 3 5 4 2 5 1 4 5 3 2 4
0.31783304 0.26988366 0.85875905 0.10986171 0.78902894 0.10974237 0.82998246 0.75222796 0.52935988 0.45220745 output 5 2 4 5 2 3 5 1 4 5 1 3
0.71040869 0.63927615 0.29145712 0.08866584 0.97265106 0.91164744 0.52463734 0.85035735 0.31185994 0.25537029 output 4 1 3 1 2 3 5 1 2 4 1 5
0.31810474 0.14765579 0.13381100 0.47607973 0.67687106 0.57099110 0.20760304 0.16976707 0.82657397 0.67146289 output 2 5 3 1 3 5 1 3 2 1 2 4
0.32868960 0.41388649 0.97483617 0.26383403 0.65011805 0.30913642 0.71165669 0.07596736 0.87147653 0.58701915 output 4 2 3 5 2 3 5 3 1 1 3 4
0.78114527 0.72886389 0.99521595 0.80226159 0.18657143 0.42422670 0.75876629 0.99235898 0.19579798 0.49835357 output 1 2 4 1 2 3 4 5 1 3 1 5
0.80899030 0.19376594 0.91018784 0.94632500 0.35650894 0.43236780 0.59099144 0.03918449 0.07324343 0.74915975 output 5 3 2 1 3 4 2 3 1 4 5 3
0.93497908 0.55855900 0.70507747 0.53506708 0.47948456 0.75663072 0.23179162 0.99548107 0.39629024 0.96243137 output 4 2 3 1 3 5 3 4 5 2 3 1
0.30434895 0.43198061 0.58019185 0.54266697 0.11562588 0.90120810 0.05144829 0.54055041 0.96387011 0.53096443 output 2 5 3 2 1 3 1 3 4 2 5 1
0.80092090 0.66176492 0.01667471 0.36909169 0.47847447 0.27878401 0.71241480 0.25683534 0.14250933 0.16960882 output 4 1 3 5 2 3 3 2 1 4 3 5
0.99947786 0.60743260 0.62400055 0.12703694 0.32794160 0.23224016 0.63333356 0.98097813 0.80296534 0.02363247 output 2 5 1 5 2 3 1 4 3 2 3 1
0.54813278 0.12402592 0.88407683 0.95619613 0.11080932 0.20834598 0.36900309 0.47076324 0.40745950 0.44094327 output 4 5 3 4 5 2 5 3 1 1 5 2
0.41862541 0.80511242 0.75442457 0.62492353 0.34626073 0.73856044 0.15571983 0.06722266 0.19343375 0.81900060 output 5 3 4 3 1 2 5 1 3 3 4 2
0.95079035 0.15650184 0.49757701 0.45730871 0.74240506 0.93218338 0.83112955 0.83508825 0.75514591 0.61810052 output 5 2 1 3 5 4 2 3 5 5 4 1
0.89542353 0.88542008 0.85492593 0.74614793 0.58251852 0.40773082 0.03486570 0.15482877 0.58274680 0.03638203 output 3 2 5 3 1 2 3 4 5 1 4 3
0.32529899 0.68056619 0.81029481 0.45642537 0.55699825 0.38456690 0.52302980 0.26296404 0.83184248 0.23365314 output 1 3 2 3 5 4 5 3 2 3 4 1
0.12553623 0.78137398 0.74587488 0.73140746 0.79662466 0.41442889 0.62280279 0.02515050 0.82239401 0.36728591 output 4 3 1 2 3 1 5 2 3 3 4 5
0.93612015 0.00583432 0.43797317 0.23298153 0.96211380 0.80107576 0.68318880 0.61030704 0.22960253 0.94033664 output 5 3 4 3 1 4 2 5 4 2 4 1
0.93246865 0.32904121 0.79258168 0.82991415 0.57346362 0.58452350 0.82644951 0.31238633 0.76326281 0.22346199 output 3 5 4 4 2 3 4 1 2 5 1 4
0.42930248 0.62232363 0.95634466 0.58836168 0.74246979 0.57297134 0.38912877 0.27634531 0.75788414 0.84972203 output 3 1 5 3 2 5 2 3 4 3 4 1
0.09016600 0.14846502 0.50049889 0.43898967 0.08590269 0.88438892 0.52158970 0.78172261 0.96346849 0.90466648 output 3 1 2 5 2 4 3 2 4 4 5 3
0.93359190 0.19873676 0.55947739 0.88763684 0.48403853 0.99217528 0.98523664 0.63903111 0.72034323 0.39536628 output 2 3 5 4 5 1 2 3 4 5 4 2
0.90134811 0.61809123 0.65316325 0.96196467 0.40235162 0.10843643 0.99538177 0.56714433 0.65885645 0.03611403 output 4 1 2 3 1 2 1 3 5 1 4 5
0.89003623 0.22843231 0.22970121 0.06616012 0.31092271 0.28182024 0.33020225 0.65199715 0.11394864 0.27543139 output 3 5 4 5 2 3 1 4 3 3 1 2
0.60329640 0.05064650 0.88006628 0.11393064 0.44433036 0.97856390 0.78326595 0.46620184 0.75591409 0.84859669 output 1 4 2 4 2 5 3 4 5 3 1 4
0.55114037 0.21968131 0.10804604 0.70085007 0.45987564 0.87223548 0.80540431 0.45964202 0.45088276 0.05219215 output 4 3 1 4 5 1 3 2 1 2 5 1
0.01436214 0.58109325 0.92629427 0.86462200 0.17991488 0.65126926 0.29430264 0.63715124 0.87757391 0.06818044 output 5 4 2 1 4 5 1 4 3 3 4 2
0.79617906 0.95381302 0.62945050 0.52019030 0.69119132 0.07359564 0.05734015 0.94681668 0.34530786 0.20703195 output 4 5 2 3 5 2 2 3 1 1 2 4
0.82218218 0.79625791 0.57068282 0.44158906 0.28601828 0.46566242 0.57182962 0.44621560 0.82956183 0.69913357 output 5 4 1 2 4 5 4 3 2 4 1 3
0.97595751 0.30914962 0.03642552 0.12091238 0.28220516 0.36503264 0.32624456 0.91576570 0.97301364 0.13547821 output 3 4 1 5 3 1 2 5 3 3 2 4
0.89747989 0.02933234 0.49964878 0.52788270 0.58313298 0.82714230 0.61528826 0.03207285 0.33211789 0.69825393 output 2 4 1 2 5 3 4 2 5 1 3 2
0.84671098 0.05397766 0.93767691 0.59862852 0.58149123 0.68147850 0.33998621 0.04778729 0.24606957 0.02061803 output 1 4 3 3 4 5 1 4 5 1 3 2
0.79595500 0.83784068 0.23337378 0.92079014 0.51576567 0.65251994 0.60083896 0.49822792 0.11246238 0.27761111 output 1 4 3 4 3 5 1 3 2 2 5 3
0.19727895 0.31147537 0.50983948 0.39641854 0.97419149 0.42075568 0.91729879 0.29735428 0.11118498 0.69384319 output 3 2 5 1 4 2 4 2 3 2 5 1
0.09187183 0.59382761 0.40208861 0.28272751 0.10556113 0.28359541 0.29518080 0.15522163 0.30649677 0.00065867 output 3 5 4 2 3 4 1 3 2 2 4 5
0.55081087 0.83372897 0.13097408 0.50473231 0.87090218 0.80046839 0.90472198 0.13730367 0.04225343 0.91788012 output 5 1 2 2 1 4 5 3 1 4 1 3
0.60621792 0.69487321 0.40495849 0.51993227 0.57518363 0.48991516 0.21444574 0.41142184 0.17357215 0.98918581 output 2 1 3 5 1 2 3 4 2 2 5 4
0.80144173 0.73947948 0.34650198 0.52474016 0.03477674 0.51110637 0.29283157 0.36683342 0.08331594 0.80452091 output 2 3 5 5 2 1 4 2 1 4 2 3
0.82099646 0.54452193 0.18947148 0.89595461 0.12369346 0.51537508 0.63789761 0.60644221 0.81691116 0.01611980 output 1 4 2 3 5 4 1 5 4 3 4 2
0.38286844 0.37172332 0.85534686 0.83974952 0.08464919 0.82821524 0.73387331 0.17651863 0.76043624 0.33198932 output 2 4 5 4 1 5 2 1 5 3 1 2
0.46173784 0.67990470 0.75320053 0.85067892 0.03038902 0.55729270 0.08315590 0.21451224 0.70004267 0.55856550 output 5 2 1 1 3 2 4 5 1 4 3 1
0.85625112 0.52223241 0.58420122 0.43342271 0.18184008 0.21899413 0.40232986 0.22169454 0.37357879 0.74130398 output 1 2 5 5 2 4 4 5 3 1 4 2
0.76478755 0.72861063 0.05681318 0.25306430 0.58574700 0.91705674 0.77148515 0.17415524 0.42106935 0.53429103 output 1 3 5 4 2 5 4 5 1 2 5 3
0.18352820 0.42549682 0.75819451 0.69671488 0.88703072 0.77699292 0.73707265 0.61123711 0.06879817 0.50190341 output 1 4 2 3 5 2 3 2 4 5 1 2
0.85577190 0.38161087 0.52359205 0.88786095 0.67079711 0.56768501 0.29881540 0.84294927 0.70396906 0.89879858 output 3 4 1 3 2 4 5 1 3 2 5 3
0.34047830 0.69569093 0.33808479 0.85665649 0.29849944 0.50779897 0.85948008 0.38431361 0.92616910 0.13812040 output 4 2 1 3 1 4 2 3 1 4 3 5
0.74618495 0.48743066 0.46791047 0.22946876 0.43741849 0.49810448 0.46651202 0.06738331 0.86082733 0.08555223 output 2 4 5 2 1 5 3 1 2 3 4 2
0.87281299 0.64479405 0.88839096 0.93800199 0.71173507 0.98056281 0.23316769 0.13968928 0.86159575 0.39390013 output 3 2 1 5 2 1 5 4 1 4 1 3
0.01409308 0.60741580 0.48223042 0.72499198 0.89640981 0.52743393 0.23109536 0.43343484 0.62288034 0.58836645 output 3 5 4 4 1 2 5 4 2 3 2 5
0.60882145 0.24694137 0.95797521 0.00891506 0.01017746 0.88623512 0.24417289 0.09544652 0.42896035 0.03559056 output 1 5 2 1 2 3 5 4 1 4 1 3
0.03483382 0.34300581 0.95711219 0.78620064 0.63824373 0.27883890 0.34287050 0.72308993 0.75783873 0.21647140 output 4 1 3 3 4 2 1 3 5 3 2 5
0.58243144 0.27826703 0.49114579 0.39926332 0.09206871 0.28734961 0.42100579 0.33975717 0.02402733 0.17090324 output 4 1 5 4 3 5 1 4 2 3 2 4
0.20367645 0.19320232 0.69764960 0.17523944 0.43329528 0.55967796 0.44306609 0.26901060 0.66632646 0.61642134 output 4 3 1 5 4 3 4 5 2 2 1 4
0.68089956 0.02966775 0.77220672 0.21327040 0.41693476 0.47232106 0.47535431 0.38293800 0.38014919 0.33337268 output 3 4 2 4 2 1 5 4 1 3 5 4
0.54299170 0.43777311 0.65803033 0.98524630 0.05969103 0.28023008 0.47156787 0.10963261 0.88963532 0.60875869 output 1 2 5 3 2 1 1 4 5 1 4 3
0.82780391 0.87494272 0.25374922 0.83334863 0.13261473 0.20371543 0.54500490 0.54441768 0.83700627 0.12100009 output 4 3 2 1 2 4 5 4 3 5 1 4
0.89977604 0.46939349 0.21786512 0.41376993 0.07697908 0.50274628 0.85635078 0.83502746 0.47421515 0.12543996 output 2 3 4 1 5 2 2 5 3 4 1 2
0.27878454 0.59765452 0.06936760 0.23987748 0.77836066 0.41996038 0.89423573 0.86467254 0.52697974 0.37936983 output 2 5 1 1 5 4 4 3 5 2 3 5
0.47940439 0.74322057 0.89854747 0.89970976 0.93470925 0.06523980 0.70890898 0.00433507 0.81788683 0.33591118 output 4 1 5 2 5 3 5 2 1 5 4 3
0.82809561 0.28948486 0.22663972 0.06833947 0.36616245 0.08497075 0.50743538 0.06837090 0.53483170 0.40981650 output 2 4 3 1 5 4 5 3 4 2 5 3
0.66824931 0.66235173 0.69924611 0.87541360 0.07659283 0.57135719 0.74052662 0.62869334 0.45652512 0.87776393 output 5 1 2 1 4 3 1 4 2 5 3 1
0.30798602 0.50481063 0.14133602 0.65242082 0.71424240 0.71510702 0.06813446 0.53104883 0.46751702 0.67116398 output 2 1 4 1 5 2 5 3 1 2 3 5
0.11714517 0.21516961 0.49783832 0.68490851 0.38928169 0.97014463 0.93597555 0.83925360 0.48799935 0.24042355 output 3 2 1 5 2 1 3 4 2 5 4 2
0.49564421 0.82596546 0.58410287 0.74370617 0.51004034 0.08961194 0.76034337 0.65136832 0.40295157 0.30195346 output 2 1 5 2 5 4 4 2 1 4 5 3
0.10936121 0.03687752 0.38958701 0.87635100 0.77530485 0.99979258 0.17936911 0.86425471 0.90515834 0.54468244 output 2 1 5 2 4 3 2 3 5 1 4 2
0.51100814 0.56426090 0.87351221 0.43146205 0.07022147 0.33784458 0.99761617 0.92271346 0.98753875 0.72072345 output 1 4 5 5 1 2 4 1 3 3 1 2
0.47388688 0.51356310 0.37406018 0.30897108 0.92268521 0.95083755 0.01365557 0.49653733 0.54647964 0.98199326 output 1 3 2 5 4 1 4 1 2 1 5 3
0.42604089 0.52974570 0.19324948 0.51187444 0.21321478 0.82908076 0.45584369 0.72663713 0.99258983 0.83275425 output 4 2 3 1 2 4 1 4 5 5 3 4
0.21328489 0.60855949 0.05222353 0.62990797 0.55196184 0.68330795 0.14276323 0.40627995 0.58782065 0.21965593 output 1 4 5 3 5 1 2 4 1 3 1 2
0.00099942 0.01792037 0.12757906 0.15986884 0.41816247 0.11967536 0.55530763 0.48848569 0.16919833 0.66683859 output 5 2 4 2 5 1 4 3 2 3 2 1
0.03091454 0.81359118 0.49388185 0.62897313 0.95212531 0.24287617 0.97585398 0.83427018 0.86272216 0.00223820 output 2 5 3 5 1 2 4 3 2 1 2 4
0.25030589 0.73882324 0.68245769 0.81134659 0.35812452 0.08442310 0.98692679 0.53125393 0.08398630 0.80062300 output 5 1 3 5 2 1 1 2 3 3 4 2
0.35038036 0.64019424 0.14166299 0.14580570 0.43789425 0.90533060 0.58740342 0.56591058 0.47849751 0.16293956 output 5 2 1 5 1 4 4 3 1 1 2 3
0.37814844 0.68528855 0.24891961 0.62027812 0.71264678 0.04986189 0.76724356 0.97725564 0.25285375 0.74668461 output 3 4 1 3 2 1 5 1 2 1 5 4
0.80609596 0.53168958 0.46112108 0.35503331 0.38391352 0.09096169 0.26020560 0.56426883 0.87746954 0.18738289 output 1 2 4 4 3 2 1 5 2 3 2 5
0.20449258 0.94600892 0.72674149 0.05248554 0.51577288 0.80117238 0.79064488 0.67856866 0.31478351 0.67810607 output 5 4 2 5 3 4 4 1 3 3 5 1
0.90843838 0.85061407 0.50995302 0.14452691 0.61490357 0.37048578 0.31607121 0.62239140 0.09155814 0.07748748 output 2 5 4 2 3 1 3 1 4 2 4 3
0.31906781 0.73455912 0.98605108 0.63730627 0.41318336 0.12050817 0.37960529 0.09863024 0.71818089 0.07384188 output 3 5 4 3 2 5 3 2 1 4 3 1
0.28856531 0.65561110 0.89764655 0.36831105 0.59419417 0.62042516 0.26904681 0.93820041 0.47587901 0.28284010 output 4 1 3 5 2 3 4 3 2 3 1 5
0.20518126 0.20359237 0.43913409 0.51991683 0.87618434 0.86218745 0.61009222 0.44293466 0.02725022 0.05382430 output 1 4 5 1 5 2 4 3 2 1 4 2
0.54800916 0.45635071 0.68039501 0.73825699 0.07822871 0.95424432 0.37137857 0.03800154 0.56686085 0.04784380 output 3 4 1 2 5 1 3 1 2 4 1 5
0.24090479 0.75285786 0.74237233 0.75897413 0.93744957 0.99334276 0.25996527 0.11004850 0.51336402 0.35670575 output 2 3 5 1 3 2 2 1 5 5 4 1
0.82699835 0.24187230 0.70057952 0.00610780 0.30807692 0.75983185 0.88423133 0.27743873 0.40236357 0.29092574 output 5 1 3 4 1 3 4 1 2 2 1 5
0.29086033 0.47941911 0.24251631 0.56499606 0.37471113 0.93668360 0.30429846 0.39722827 0.43693277 0.86019021 output 2 5 3 5 1 2 4 5 1 2 4 1
0.59323579 0.00179932 0.97633451 0.19002548 0.20261610 0.96770287 0.21627621 0.89596981 0.72903609 0.30440357 output 1 5 4 3 5 2 1 2 5 4 5 3
0.11830791 0.00750740 0.03902298 0.68893337 0.86772680 0.51643240 0.71176374 0.60431349 0.59819454 0.94602036 output 5 3 4 2 4 5 2 1 4 1 3 4
0.05429735 0.91287541 0.16247649 0.80991381 0.99292845 0.85180593 0.35109842 0.11356634 0.70870459 0.48165697 output 1 2 4 2 3 5 1 2 3 2 5 4
0.24719986 0.02775009 0.18675955 0.51106411 0.77723241 0.33199748 0.60896146 0.50093991 0.05418884 0.99038529 output 4 1 3 5 2 4 4 2 1 5 2 1
0.49740827 0.17882779 0.87091249 0.95987511 0.53784287 0.55049533 0.00601097 0.72284359 0.80191195 0.66808593 output 2 4 3 3 4 1 3 2 5 5 1 3
0.98453236 0.01379456 0.88592446 0.47371075 0.80857068 0.45112380 0.21383700 0.95119709 0.59602165 0.03463006 output 2 3 4 3 5 4 3 1 2 5 1 3
0.24895228 0.45299861 0.82464683 0.73763305 0.43143338 0.92586851 0.83088648 0.74084365 0.38642281 0.38056016 output 2 3 4 5 2 3 5 1 3 5 2 4
0.79187918 0.97643858 0.45217350 0.52329904 0.51009971 0.73837650 0.84919870 0.42991531 0.94691598 0.39043084 output 5 4 1 2 5 4 1 3 4 2 3 4
0.32990399 0.77430969 0.37521005 0.52112204 0.20715807 0.34210518 0.32340139 0.81711882 0.11087022 0.53168529 output 5 2 1 1 2 4 5 1 4 5 3 2
0.62545013 0.19856307 0.57461655 0.19915718 0.33461940 0.90183139 0.34664869 0.67245096 0.12026277 0.86393762 output 3 5 4 2 1 4 5 2 4 1 3 4
0.49652028 0.57424957 0.29828414 0.53395820 0.27699524 0.70276481 0.50141460 0.01476366 0.88990420 0.41280439 output 4 2 1 1 5 4 1 5 3 1 3 2
0.06493153 0.39343458 0.50674713 0.20350406 0.23425125 0.37505159 0.35857996 0.05357517 0.38126609 0.81377959 output 3 5 2 5 1 3 3 4 1 4 3 2
0.77499419 0.20423567 0.32977968 0.15820979 0.16529763 0.76721472 0.31920579 0.95003396 0.91221893 0.06997315 output 1 5 4 2 1 5 3 1 4 1 2 3
0.84238791 0.30952498 0.66293293 0.68757927 0.52085048 0.79387760 0.21907736 0.46910521 0.81623530 0.98685223 output 4 1 2 5 2 3 2 5 1 3 4 2
0.82958084 0.86513263 0.70608479 0.06802769 0.76993388 0.49672219 0.59533644 0.96854591 0.75287414 0.09875631 output 3 2 4 3 1 5 4 1 3 5 3 2
0.40296990 0.56662059 0.72416615 0.57677585 0.61368233 0.94402921 0.54697710 0.78296816 0.10704016 0.81131917 output 1 4 2 5 4 3 5 4 1 2 3 4
0.82880169 0.75122362 0.78882319 0.27821103 0.47303063 0.07283080 0.50760221 0.97614652 0.87145215 0.32248160 output 5 2 1 4 2 3 4 2 1 2 5 3
0.99537379 0.56835389 0.26812443 0.93230319 0.23492645 0.64975101 0.83251333 0.68765253 0.39889556 0.70395285 output 5 4 2 1 4 5 3 2 5 1 3 5
0.36869973 0.33860368 0.40761945 0.20643102 0.63457948 0.50341386 0.36322862 0.91053575 0.38084754 0.46839875 output 4 5 3 1 4 5 5 3 1 1 3 2
0.74162906 0.90149564 0.29820099 0.70089215 0.70590001 0.31834483 0.15840608 0.00622579 0.36129707 0.37434560 output 3 1 2 4 3 5 5 4 2 5 3 2
0.59708291 0.98117572 0.81768775 0.23612916 0.38835567 0.33771199 0.12501438 0.08382088 0.29779518 0.86198986 output 2 3 1 4 2 3 4 3 5 1 5 3
0.74925125 0.74509311 0.84185171 0.72937196 0.31780538 0.16688971 0.54825091 0.10512413 0.98444843 0.90309763 output 2 4 1 3 4 1 4 5 2 5 2 1
0.71746957 0.85971701 0.53049028 0.95589584 0.13343178 0.67772490 0.44578901 0.80583829 0.50878721 0.53124285 output 1 4 5 4 2 3 3 4 5 2 4 1
0.47259751 0.78981119 0.95805949 0.23430283 0.71271092 0.30505311 0.70858812 0.23638695 0.50577557 0.46469939 output 4 5 3 3 5 1 1 2 3 3 4 2
0.49293432 0.22105710 0.74766999 0.48230529 0.57118613 0.93927372 0.32024357 0.53999609 0.05221138 0.22165275 output 2 3 4 5 4 3 4 1 2 1 4 5
0.48998368 0.55683053 0.42425326 0.05230522 0.08326975 0.48791063 0.58350450 0.71202523 0.66015464 0.61760068 output 1 2 5 3 1 2 1 5 4 3 4 1
0.37751153 0.41323775 0.38064229 0.62292403 0.10371284 0.52292776 0.64565867 0.24128561 0.21377757 0.26286080 output 4 2 1 4 5 1 2 1 3 3 5 1
0.84775853 0.00997739 0.11381718 0.58617765 0.15882429 0.92583799 0.35582811 0.57507825 0.79675144 0.58278120 output 2 4 1 1 5 4 2 4 3 3 5 4
0.60880834 0.22734147 0.26844016 0.16924182 0.47991368 0.04860230 0.80937731 0.48100954 0.25809637 0.25844631 output 1 3 4 2 1 3 2 1 5 4 5 1
0.80223703 0.99334323 0.81061494 0.20379685 0.60569304 0.85937786 0.19791006 0.70811337 0.82370365 0.78108454 output 2 4 3 3 5 2 1 3 5 1 4 3
0.88728470 0.41131416 0.61068797 0.05584832 0.70379674 0.13821635 0.72868341 0.42174649 0.38333994 0.86306500 output 2 4 3 1 3 4 4 5 2 1 5 4
0.98099709 0.57025588 0.23351581 0.97663158 0.09622676 0.49285519 0.75024527 0.50027257 0.95914131 0.38458219 output 3 4 5 1 4 5 4 2 3 1 4 2
0.74367493 0.64507234 0.70213825 0.47212288 0.60253727 0.03675974 0.38510227 0.27896994 0.91892248 0.25150380 output 4 3 2 3 5 2 1 5 2 1 4 2
0.82619905 0.23337542 0.65569311 0.36111295 0.61915737 0.25132927 0.96680158 0.54645258 0.16534577 0.04015638 output 3 2 1 2 4 1 5 3 1 2 3 5
0.98609811 0.15891352 0.20715664 0.81092077 0.63345504 0.47222987 0.88632810 0.11628753 0.75708395 0.47650775 output 2 4 3 2 3 5 1 5 4 4 3 5
0.72592765 0.17062540 0.70132804 0.39919341 0.76349568 0.58229482 0.04887480 0.33908981 0.45889083 0.91977721 output 2 3 5 3 2 1 1 2 4 5 2 4
0.51266551 0.29801705 0.22604544 0.83286482 0.08358211 0.38299581 0.32456201 0.72359592 0.36100671 0.90461349 output 1 3 4 4 1 5 2 3 4 2 4 5
0.60102350 0.49266690 0.17148107 0.23680481 0.34630951 0.35462284 0.67519116 0.79536158 0.36440137 0.77506119 output 3 5 2 5 1 3 2 3 1 1 5 4
0.54631299 0.16983925 0.86376560 0.19913438 0.63657659 0.17869903 0.57089251 0.24350438 0.92711216 0.75177938 output 2 1 3 3 4 1 4 3 2 4 5 2
0.18838954 0.52861077 0.29149804 0.86872655 0.02285962 0.91413516 0.24364018 0.58542597 0.44940418 0.97393018 output 2 5 3 5 2 4 3 4 1 3 4 2
0.08490475 0.75415260 0.70022506 0.22665314 0.39580432 0.70300436 0.24879891 0.55348343 0.21447887 0.54728663 output 3 2 4 2 5 4 5 1 4 3 1 4
0.63427818 0.95713913 0.63057280 0.57083660 0.90918696 0.60154259 0.98545694 0.33541992 0.60045558 0.43992311 output 3 2 1 2 3 5 4 3 5 5 1 2
0.72026235 0.86751837 0.08162338 0.43030089 0.21275900 0.46462777 0.67877835 0.55935705 0.27447942 0.77398592 output 3 2 5 4 5 3 4 3 2 5 1 4
0.16102090 0.34242141 0.65772927 0.48037222 0.65392041 0.37533227 0.50508606 0.38394386 0.43237683 0.77714646 output 2 4 3 1 4 3 2 4 5 1 5 4
0.18160348 0.50115007 0.80828053 0.21376352 0.16539225 0.76833516 0.02192982 0.69143659 0.17920950 0.29810485 output 1 4 3 5 1 2 2 1 3 1 5 4
0.05785290 0.12609883 0.56506717 0.95110738 0.90946484 0.82381660 0.57225478 0.00212202 0.43675193 0.30011678 output 2 1 5 1 4 5 4 3 5 5 3 2
0.75130415 0.80865222 0.13886485 0.63286877 0.76629937 0.49672067 0.15134056 0.63957024 0.34931955 0.68840152 output 1 3 5 5 4 2 1 4 5 2 5 3
0.62695539 0.07734279 0.18059137 0.33853465 0.85984570 0.90605175 0.57330656 0.58061755 0.72932172 0.16356616 output 5 3 4 1 5 4 1 2 4 3 2 4
0.86233920 0.97570711 0.89640492 0.10793525 0.94123095 0.04946852 0.66071957 0.74655145 0.18901056 0.17889923 output 3 2 5 4 2 1 4 2 5 2 3 1
0.07128488 0.54260749 0.84989381 0.90913904 0.99704146 0.84535056 0.00439261 0.87887287 0.48912552 0.86134815 output 2 5 3 4 5 2 5 3 1 1 4 5
0.39811766 0.21460971 0.08028095 0.65468830 0.85337102 0.82890552 0.11549381 0.79104030 0.36046761 0.02614645 output 3 1 2 2 3 4 5 1 3 1 5 2
0.78577632 0.75978345 0.49231312 0.83270758 0.13135369 0.21302177 0.83401167 0.25940117 0.92256308 0.92573619 output 4 3 2 2 4 1 2 1 5 4 5 1
0.99390364 0.77265555 0.52231479 0.94490868 0.60447848 0.74406660 0.47910979 0.43794656 0.39735711 0.49044222 output 3 1 4 3 4 5 2 5 3 2 1 3
0.44290406 0.03233555 0.08782184 0.71980155 0.05300005 0.55706686 0.79798597 0.11040805 0.65558237 0.21664739 output 1 3 5 1 5 4 5 3 2 4 2 5
0.01275556 0.03926775 0.92355609 0.10166243 0.88189918 0.54022282 0.81102020 0.37715924 0.13866188 0.16781169 output 4 5 3 5 4 2 3 2 4 1 2 5
0.99713689 0.26816091 0.91954219 0.80551016 0.22765307 0.76384377 0.82462835 0.64199930 0.76733589 0.10532018 output 1 4 2 2 4 3 1 4 5 3 4 5
0.32032263 0.75919384 0.46975878 0.25984666 0.21906190 0.87806296 0.10425300 0.85754383 0.92270792 0.18826762 output 1 3 4 2 1 5 1 2 4 5 1 3
0.56785268 0.63333344 0.49862251 0.56133503 0.63854134 0.07623944 0.42650425 0.93077588 0.59418291 0.29058665 output 2 1 5 4 2 1 5 3 1 2 5 3
0.60277289 0.95964521 0.47381786 0.08908427 0.97776914 0.35625634 0.09359655 0.47557843 0.66173494 0.67102200 output 1 5 3 5 4 2 4 5 1 2 3 5
0.62269980 0.05220863 0.66582716 0.16625154 0.97334468 0.23127808 0.06353789 0.90175635 0.20852236 0.37350953 output 2 5 4 1 2 3 5 1 2 2 3 4
0.79329169 0.39409319 0.83205473 0.08885246 0.75383455 0.34167701 0.37301433 0.35927796 0.62186313 0.54867059 output 5 3 4 3 2 1 1 5 3 2 4 3
0.57572693 0.02827945 0.84234470 0.75666982 0.49972597 0.79610622 0.43902490 0.29355559 0.14905708 0.11520675 output 2 4 1 4 5 1 5 3 4 2 3 4
0.66523844 0.48080406 0.82889372 0.11269949 0.37509164 0.94311792 0.84177661 0.64828748 0.96013999 0.06652069 output 4 2 5 3 1 2 1 3 4 2 4 1
0.26245746 0.76569813 0.49723014 0.13360392 0.06036223 0.38494310 0.77130342 0.63854575 0.89777124 0.65106934 output 4 5 2 1 5 4 2 1 3 4 1 2
0.76602745 0.59908116 0.88240278 0.61880642 0.01987542 0.45302117 0.34176487 0.01016260 0.34280369 0.60156834 output 2 5 1 1 2 4 5 3 4 5 4 1
0.70177394 0.76407087 0.49329925 0.64978278 0.34272063 0.09836195 0.88780260 0.98795897 0.64941746 0.05505785 output 1 4 2 1 5 2 2 5 3 4 5 1
0.71926391 0.46773425 0.90375906 0.02391288 0.50529248 0.04653446 0.62758183 0.42253140 0.92510563 0.57493252 output 4 1 2 1 2 5 2 4 3 5 1 4
0.92395633 0.14960860 0.02262799 0.36394617 0.06507404 0.15137367 0.53414285 0.35080209 0.36679646 0.33596611 output 1 3 5 1 5 4 3 2 5 5 4 2
0.48673922 0.83515966 0.46479800 0.65648794 0.78402787 0.67455745 0.13125256 0.98391700 0.88639146 0.97978985 output 3 1 2 4 2 1 1 4 5 1 5 3
0.85219067 0.23759890 0.46725175 0.81757087 0.97069895 0.40582871 0.07854821 0.95153624 0.84124404 0.46631223 output 3 5 2 4 1 2 5 2 1 3 1 5
0.49543241 0.06747680 0.57453358 0.29643610 0.91592503 0.55829847 0.76528490 0.32599768 0.96500534 0.16601238 output 5 4 3 5 1 4 2 1 4 4 3 2
0.94743824 0.98745483 0.16678458 0.99842680 0.81108844 0.15008658 0.71045572 0.95847881 0.06897785 0.97024554 output 1 2 4 5 2 3 2 4 3 4 1 3
0.26314831 0.88676512 0.41888446 0.04818114 0.48371902 0.28384787 0.38128901 0.21916598 0.10272036 0.42055750 output 3 4 5 2 3 4 5 1 3 2 5 4
0.70231092 0.65245974 0.00763555 0.32027709 0.02925849 0.24894667 0.61092067 0.10367212 0.23917601 0.40808955 output 5 4 1 4 3 5 1 5 2 2 3 5
0.84774250 0.68866354 0.66645700 0.71042728 0.88343871 0.63295245 0.16487025 0.80701375 0.53556490 0.76266104 output 1 3 2 3 4 2 1 5 2 4 5 2
0.50040078 0.58520037 0.53164852 0.90428251 0.05453967 0.98303622 0.87319398 0.63018334 0.32094786 0.43276322 output 1 3 5 2 1 3 4 2 1 1 4 5
0.11012834 0.39905122 0.09908901 0.14741699 0.54526186 0.89829993 0.51102895 0.77756107 0.94673347 0.68878591 output 4 2 1 4 3 5 2 5 4 3 4 1
0.30704388 0.01637066 0.08283294 0.21622732 0.95039535 0.01142753 0.06105115 0.11466843 0.21947114 0.01240995 output 4 5 2 1 3 5 3 1 2 1 2 5
0.51699096 0.00779291 0.09087058 0.30811769 0.24554214 0.60270131 0.19374734 0.47885475 0.64244926 0.36844167 output 4 1 2 2 4 3 5 4 1 5 3 4
0.83934927 0.83914179 0.74444443 0.34121114 0.51423806 0.62646449 0.26243192 0.98249251 0.44677413 0.18127517 output 3 2 1 3 2 5 1 4 3 3 5 4
0.91198504 0.21003079 0.88670075 0.40253025 0.95141435 0.13087656 0.29024422 0.90546274 0.34600121 0.52051592 output 1 5 3 2 5 1 5 2 4 1 2 3
0.07873948 0.79219025 0.93305987 0.33349213 0.60287154 0.69265884 0.37749216 0.20381568 0.21576124 0.66493142 output 4 1 5 4 3 2 3 5 1 4 3 5
0.44277716 0.68081892 0.16690660 0.62647444 0.63299358 0.92319751 0.95871359 0.92996716 0.71183246 0.52933097 output 4 3 5 5 2 1 2 1 3 5 1 3
0.31247601 0.32643890 0.15283415 0.49067098 0.40572080 0.80582350 0.69389898 0.54987913 0.89068788 0.38878432 output 1 4 3 1 5 4 5 4 3 2 1 3
0.67612010 0.21605660 0.11008885 0.43655190 0.89682901 0.76763618 0.82839698 0.03406213 0.27922732 0.93686372 output 5 3 1 4 2 1 2 1 5 4 1 3
0.55497885 0.27459842 0.86570323 0.65462077 0.89630610 0.12712251 0.80096096 0.86396492 0.98342085 0.41887215 output 4 2 1 2 5 1 1 3 5 5 4 2
0.15292118 0.73860854 0.37879208 0.95911187 0.07075524 0.31637481 0.26816943 0.49867398 0.84016395 0.63099957 output 3 4 5 3 1 4 5 2 4 1 2 4
0.38982719 0.78272891 0.10420925 0.07095459 0.29996586 0.53239769 0.73417991 0.25335234 0.06070510 0.79257548 output 4 2 3 5 2 3 3 4 1 5 3 1
0.28915048 0.33087313 0.81843460 0.79400623 0.64163119 0.59512830 0.49786800 0.41169024 0.78638667 0.53642464 output 3 4 5 3 1 2 4 3 1 5 2 3
0.34320822 0.65177685 0.36782366 0.39845824 0.67957062 0.47748420 0.46260673 0.49111375 0.56777900 0.06658762 output 1 3 4 5 2 3 4 2 1 2 4 3
0.96909195 0.84327030 0.76565063 0.11135944 0.41102850 0.75658083 0.78072101 0.77015686 0.72901791 0.97866094 output 4 2 3 4 3 5 4 5 1 1 4 2
0.14299054 0.67853248 0.07641144 0.00471948 0.41084033 0.65004057 0.79892009 0.25362283 0.93024814 0.84318089 output 3 1 2 5 3 4 4 2 3 3 5 1
0.33807486 0.94329995 0.73430908 0.11375536 0.67111653 0.28977242 0.49948177 0.96485072 0.05236632 0.37656042 output 1 4 3 1 3 5 3 5 2 2 3 4
0.50678736 0.53442502 0.71667641 0.25371635 0.43251157 0.75352412 0.08456320 0.83600581 0.32808775 0.43516523 output 5 3 4 1 2 3 5 3 1 1 5 2
0.89998144 0.44736880 0.60048121 0.42735669 0.93745077 0.15238082 0.15770414 0.55046499 0.10775858 0.24754600 output 5 3 2 2 5 4 3 2 1 4 1 2
0.53278345 0.40643221 0.77311480 0.64110506 0.35465112 0.60417873 0.73409212 0.49619201 0.88168114 0.12746684 output 1 3 4 2 4 3 4 2 5 4 1 5
0.65034527 0.63191915 0.76285350 0.42683497 0.64930207 0.83983642 0.38514534 0.27820399 0.52368271 0.57568598 output 1 3 2 1 2 5 2 4 5 1 3 5
0.63162237 0.44386536 0.83346701 0.09038412 0.27018547 0.74438131 0.55425459 0.42974254 0.40080073 0.03261545 output 4 3 5 3 4 1 2 4 5 2 4 1
0.49554002 0.29182875 0.88856649 0.15236637 0.26366600 0.23076816 0.83965725 0.56294841 0.23478553 0.65795398 output 5 1 4 1 5 3 1 2 4 2 1 3
0.12901305 0.97679335 0.69661945 0.67940873 0.78359038 0.94594628 0.67706203 0.88641185 0.14981173 0.51500463 output 4 5 1 4 2 5 4 1 3 3 2 4
0.82240182 0.68029070 0.34823459 0.86056209 0.16547060 0.93909353 0.33490458 0.02813357 0.22868311 0.95536977 output 2 5 1 3 5 2 3 4 2 4 2 1
0.16950187 0.88632596 0.63380086 0.44254115 0.65124863 0.47037134 0.53144926 0.11402844 0.44788963 0.01409600 output 1 4 5 2 1 4 2 3 1 2 4 3
0.18915392 0.60904932 0.02890207 0.73357445 0.15363982 0.91892344 0.13085668 0.59645176 0.84184414 0.00908490 output 3 1 5 1 4 5 3 1 2 2 4 1
0.73285437 0.33714330 0.49557447 0.80978912 0.30114695 0.74604154 0.11676075 0.58432496 0.25816301 0.74523365 output 3 4 5 4 3 1 2 3 1 5 3 2
0.24677892 0.78341943 0.04824992 0.77804387 0.84172976 0.58646411 0.50911039 0.31632051 0.04539527 0.97240007 output 1 3 5 4 1 2 5 2 1 3 1 4
0.39827198 0.25085163 0.39513639 0.08867893 0.54764277 0.49043304 0.52235037 0.63796091 0.75134867 0.44755903 output 4 1 3 4 3 5 1 5 3 1 2 5
0.30004123 0.15817963 0.13201088 0.61678725 0.07670987 0.70184350 0.35447311 0.08648170 0.81354481 0.06214705 output 5 4 1 5 2 1 5 3 2 3 1 2
0.28451070 0.64038920 0.65140104 0.93816942 0.17377158 0.81835985 0.49869642 0.00032610 0.83055973 0.00735569 output 4 5 1 3 1 4 2 3 1 1 5 2
0.20890574 0.24834403 0.04049162 0.11633210 0.54021508 0.10841109 0.95382786 0.98349690 0.42452276 0.64622009 output 5 4 3 2 3 1 5 3 1 5 2 1
0.83005422 0.21423751 0.60635573 0.91510797 0.81669527 0.90097499 0.76072824 0.78470945 0.48903933 0.54706109 output 1 4 5 4 2 5 3 4 1 4 2 3
0.74516660 0.07643946 0.65344453 0.36538398 0.47713435 0.79141515 0.16887997 0.31302750 0.96657592 0.58509940 output 3 4 2 5 2 1 4 2 1 3 5 2
0.00360530 0.98895127 0.18986247 0.59207457 0.64650178 0.32528919 0.28288791 0.12323585 0.63860059 0.73587698 output 2 4 3 1 2 5 2 4 1 2 3 5
0.13474602 0.43727624 0.18271625 0.95054507 0.10121454 0.53213054 0.20158432 0.24768572 0.32378915 0.66908777 output 4 1 3 1 3 5 3 2 5 5 4 1
0.54769570 0.15669680 0.60905451 0.05812382 0.38069594 0.81717640 0.86313474 0.33970696 0.74895561 0.37754768 output 3 5 1 5 4 3 5 2 4 2 5 1
0.89842469 0.70139521 0.60531861 0.25679192 0.92798370 0.77994692 0.33823618 0.28549549 0.97260493 0.85070646 output 3 4 1 3 5 4 1 5 3 1 4 2
0.13065159 0.69455558 0.62750649 0.54258239 0.02908755 0.80848348 0.05135573 0.51567894 0.13619462 0.79368603 output 1 5 3 5 2 1 1 3 4 2 1 4
0.50373644 0.22222346 0.16294996 0.76955163 0.26099673 0.08360872 0.73247552 0.07370155 0.78497988 0.92107522 output 5 1 2 5 1 4 4 1 3 3 1 2
0.66120917 0.00691276 0.21804337 0.24788602 0.41421786 0.22958539 0.06853614 0.78348482 0.86940849 0.55442530 output 4 2 3 1 3 5 3 1 2 3 4 5
0.11986349 0.94692636 0.51896977 0.96660525 0.97457391 0.95391035 0.82197481 0.06734419 0.90779895 0.63702279 output 5 2 3 4 5 3 4 2 1 4 2 5
0.13458516 0.40989417 0.80594766 0.37118787 0.43753478 0.52476424 0.13405205 0.98834008 0.32083994 0.94425696 output 1 5 3 1 4 5 3 5 2 3 2 1
0.26622143 0.41922843 0.22685409 0.25962344 0.43290532 0.32432455 0.45909640 0.50686049 0.44603097 0.13371451 output 4 1 3 3 5 2 5 4 3 2 1 3
0.10922250 0.90995163 0.70099777 0.58000642 0.59730208 0.52556127 0.00661077 0.63600618 0.35738820 0.65917605 output 5 1 4 2 1 5 3 5 2 5 4 3
0.93059897 0.90481323 0.18046811 0.67159355 0.78754056 0.24064589 0.96942788 0.00885503 0.04515188 0.57241631 output 1 3 2 2 3 5 3 5 4 3 1 4
0.56773287 0.14228174 0.18827178 0.38036355 0.50236744 0.55292869 0.32419646 0.39656925 0.15546130 0.71603733 output 2 5 4 3 1 4 3 4 5 1 4 2
0.06830924 0.41732088 0.42428559 0.93709135 0.63752264 0.53999925 0.90553135 0.66095507 0.05493073 0.15405834 output 3 2 4 3 4 5 3 1 5 2 1 3
0.21853773 0.52337748 0.87096143 0.47736278 0.90703732 0.85930169 0.21183594 0.88988310 0.71430528 0.83666492 output 5 4 3 3 5 2 1 5 2 1 5 4
0.50945616 0.13898890 0.62079793 0.76950747 0.06507620 0.02187188 0.22999623 0.38679442 0.73356742 0.96976519 output 5 4 2 4 1 3 5 2 1 4 1 2
0.13695078 0.17998613 0.70980310 0.80366808 0.46486446 0.51395613 0.11327118 0.54843837 0.70087886 0.20784476 output 3 2 5 3 1 4 5 3 1 2 4 3
0.72115630 0.65257740 0.78458887 0.07313831 0.57102334 0.86197734 0.52648962 0.59486192 0.42204076 0.44880107 output 4 5 3 5 4 1 1 2 5 3 1 4
0.43882391 0.33902085 0.35469797 0.12487720 0.95326418 0.74928373 0.46507034 0.54543424 0.67864919 0.89586008 output 1 2 4 3 1 4 4 5 3 2 3 1
0.07474944 0.69010490 0.70365167 0.46790171 0.91895056 0.45847869 0.45323482 0.66007191 0.66334063 0.85372359 output 4 2 5 5 2 3 1 2 4 4 5 1
0.13816716 0.13373569 0.90084708 0.12738720 0.73064727 0.18941337 0.55469173 0.79407680 0.77362484 0.02897438 output 5 3 1 5 2 3 1 4 3 4 2 3
0.63815051 0.54564923 0.93525982 0.36707324 0.94267929 0.18731824 0.12831096 0.87253082 0.27323005 0.23620190 output 5 3 1 2 1 4 4 5 1 2 1 3
0.30582362 0.00794030 0.96255833 0.11405962 0.58748811 0.35929114 0.25511646 0.84984767 0.01554862 0.63402551 output 5 4 3 1 3 5 4 2 3 2 1 3
0.14939591 0.09511923 0.88612288 0.72236949 0.51709849 0.38103005 0.41642138 0.05903881 0.54081792 0.43467653 output 2 3 4 5 2 3 1 3 4 1 5 3
0.59856278 0.26367965 0.66719037 0.01268230 0.15185200 0.51138520 0.43637711 0.21508490 0.29640055 0.22902295 output 1 4 2 2 4 5 3 5 4 3 1 4
0.46238536 0.59106815 0.40121055 0.92662060 0.70728201 0.44600153 0.40150642 0.07464044 0.01438540 0.09489336 output 5 4 1 1 4 3 1 2 3 1 2 5
0.37541878 0.90541166 0.54599887 0.63055295 0.11167837 0.01422828 0.90446323 0.31647778 0.63327700 0.11187074 output 1 2 3 5 2 3 4 5 2 4 2 1
0.30639610 0.62769723 0.71391368 0.09317506 0.62745559 0.61503428 0.26368710 0.19202802 0.91600353 0.77696466 output 4 3 1 5 1 3 2 3 5 4 3 2
0.86450052 0.25237951 0.33358160 0.20007461 0.76546717 0.55191076 0.13541400 0.06900985 0.31861374 0.40381163 output 5 3 1 2 1 5 2 4 1 5 2 4
0.19801736 0.29110295 0.85736817 0.01860264 0.54094720 0.66107398 0.13406061 0.06137777 0.53781253 0.15560910 output 5 2 4 1 4 5 5 2 3 1 5 3
0.33303255 0.39654288 0.05773930 0.90180290 0.98392177 0.30956310 0.41434816 0.59418547 0.41341656 0.79132056 output 5 4 3 4 1 2 4 3 1 2 5 4
0.83495682 0.95178157 0.09930872 0.44274038 0.36763930 0.29539585 0.79483944 0.04845455 0.32514340 0.00147392 output 5 4 3 4 3 1 3 1 2 2 3 5
0.53325438 0.47678486 0.56266034 0.30791825 0.78984636 0.75087643 0.91352063 0.00923035 0.80407643 0.25032952 output 5 2 4 3 5 1 2 1 5 5 4 3
0.12816907 0.53933096 0.08132050 0.37383491 0.65922707 0.70673490 0.02739885 0.94741136 0.64650273 0.98517978 output 2 1 4 2 1 3 4 5 3 3 1 4
0.69290853 0.85064918 0.38227734 0.37617981 0.77525771 0.79695827 0.60207129 0.22573519 0.59183419 0.99688101 output 3 4 2 5 2 1 3 5 1 1 3 2
0.34589738 0.60330099 0.15786438 0.84394056 0.84849036 0.16139697 0.16036437 0.63545430 0.50865924 0.78226924 output 3 1 4 1 2 4 2 1 5 3 1 5
0.32667863 0.59284645 0.44747326 0.37942317 0.18319558 0.39969242 0.26456636 0.27981630 0.31469896 0.93176389 output 1 2 3 2 1 5 3 2 4 5 1 3
0.38428432 0.36612001 0.60806495 0.39961895 0.05627362 0.55539012 0.85472512 0.29542011 0.77235961 0.32541749 output 2 3 1 2 5 1 5 4 1 4 2 5
0.25769630 0.96703190 0.09004852 0.21822561 0.91932416 0.89952141 0.57772326 0.78482240 0.42704797 0.43398139 output 1 2 5 1 4 5 1 3 4 3 5 4
0.50471598 0.20094836 0.29205188 0.26838598 0.89445347 0.38030607 0.04027808 0.23403656 0.38572845 0.59479016 output 4 2 1 4 2 5 5 3 1 2 5 1
0.03232834 0.20495227 0.57985926 0.62125486 0.84219813 0.17402089 0.55689698 0.28953981 0.83988297 0.01850294 output 3 4 5 5 1 4 1 2 4 2 3 4
0.53732139 0.79356062 0.37558377 0.81786329 0.20500825 0.81281567 0.43404129 0.90379089 0.14221197 0.54037571 output 1 4 2 2 5 3 2 1 5 3 4 2
0.28169587 0.66510600 0.90492117 0.95998621 0.07761539 0.20002460 0.86716187 0.61387783 0.45789620 0.66185796 output 5 4 3 5 3 1 2 5 1 4 2 5
0.54129982 0.80798560 0.48268056 0.71828043 0.02139812 0.00898485 0.55704749 0.57230443 0.86896884 0.73600936 output 2 3 4 4 2 1 4 1 5 5 4 3
0.72440630 0.68476266 0.15728587 0.14132328 0.85583591 0.86227202 0.19911030 0.63419789 0.37047553 0.07930225 output 1 5 3 1 4 5 4 2 5 3 4 1
0.46032548 0.90869731 0.87614536 0.27199438 0.48766360 0.89953411 0.42042869 0.23157984 0.51567727 0.60364282 output 4 2 5 5 4 1 3 5 2 1 5 3
0.10451953 0.33547860 0.00997766 0.61956859 0.32265237 0.64800566 0.77947652 0.53977585 0.05915330 0.99288571 output 2 3 1 4 5 3 2 5 3 1 4 3
0.73983222 0.91501397 0.23225474 0.65475214 0.59706080 0.63188231 0.85980761 0.28976077 0.88899237 0.43318307 output 4 2 3 3 2 1 4 5 3 1 5 3
0.08777176 0.78086787 0.33239856 0.52188236 0.52618092 0.93194991 0.24664211 0.14711198 0.92706412 0.54289949 output 2 3 1 1 4 2 2 5 3 5 2 4
0.06368650 0.03976162 0.03647486 0.37116379 0.28029287 0.09837853 0.41676569 0.32288250 0.59810030 0.17004463 output 5 3 1 2 3 4 4 5 3 2 3 1
0.57784379 0.56188023 0.32587510 0.30095643 0.45049235 0.52172124 0.57098812 0.05734267 0.09901723 0.07484431 output 4 1 3 5 2 3 2 4 5 4 2 3
0.51256341 0.57778072 0.14265035 0.46965036 0.95543754 0.61467099 0.64832062 0.37622029 0.97192514 0.91131324 output 4 1 2 2 5 1 5 1 3 3 1 4
0.42352486 0.38544217 0.44456583 0.30034873 0.62751508 0.40002972 0.27359623 0.87345010 0.22876477 0.53464127 output 1 4 5 4 3 1 2 1 3 2 1 5
0.51772350 0.89027548 0.06182471 0.03338908 0.11848599 0.50726670 0.09878004 0.11371644 0.23136722 0.83903497 output 3 1 5 2 4 1 4 3 2 3 1 4
0.49044567 0.46113214 0.97822404 0.82396293 0.09021613 0.26282907 0.65301877 0.32897532 0.59944171 0.86375809 output 5 4 2 3 1 4 1 3 5 1 5 4
0.81294399 0.40592065 0.41207328 0.60438889 0.89214897 0.14484183 0.52312654 0.33598128 0.38416317 0.09480356 output 2 4 5 3 4 5 2 1 4 1 4 3
0.24488053 0.79971558 0.37897167 0.20851403 0.27031961 0.89625621 0.21559930 0.74570948 0.63373113 0.53638583 output 5 2 4 3 4 1 5 1 3 1 4 5
0.62195396 0.03056977 0.65684927 0.60996997 0.07512377 0.85756558 0.96675587 0.60354316 0.23188663 0.38371518 output 3 2 5 4 2 1 2 5 1 3 2 4
0.50461626 0.15110528 0.00791084 0.81523329 0.91907316 0.90960252 0.41070479 0.77794248 0.84784043 0.73236573 output 1 2 4 3 4 2 5 3 4 4 5 1
0.63894367 0.73979181 0.89314824 0.89295477 0.06069039 0.02585331 0.41633186 0.42408744 0.17577155 0.13756303 output 4 5 3 4 2 1 5 4 2 4 1 3
0.50344145 0.89197785 0.75411266 0.05091463 0.58590448 0.33519739 0.51951480 0.05609574 0.19073303 0.63090473 output 5 3 1 1 2 3 4 3 2 5 4 3
0.67339665 0.51993662 0.69574481 0.93417269 0.79983145 0.24647695 0.66060519 0.51120639 0.68526703 0.33173642 output 3 1 2 1 5 3 5 1 4 1 2 4
0.36687595 0.89300740 0.22653864 0.31560555 0.26609749 0.57842100 0.00132078 0.99401689 0.27584553 0.45349750 output 3 1 4 3 1 5 2 3 4 5 2 3
0.72520512 0.37839517 0.20395949 0.20211764 0.62409931 0.46909297 0.83436418 0.34039372 0.22158013 0.01889538 output 1 2 3 2 1 5 1 5 4 1 3 4
0.55107564 0.37802672 0.40266210 0.96544474 0.76133591 0.30749595 0.06385118 0.05145717 0.67428970 0.93147516 output 3 1 4 5 1 3 4 2 1 2 1 5
0.07550565 0.70576304 0.95769876 0.22145279 0.83056068 0.19435513 0.56253338 0.56244731 0.61767018 0.88802439 output 3 4 1 2 5 4 4 3 2 4 1 5
0.09980029 0.63985318 0.58629608 0.10209379 0.96849418 0.14624710 0.59676147 0.16660282 0.58174342 0.67156476 output 5 3 4 2 1 4 4 2 3 4 5 1
0.79997659 0.88511717 0.37243545 0.75511909 0.16287297 0.29521042 0.39979371 0.20964332 0.38951880 0.64000589 output 1 4 5 5 3 4 2 5 3 1 2 5
0.93558317 0.77331895 0.78153723 0.69351262 0.97616029 0.71925026 0.25361976 0.31838366 0.73915219 0.74721712 output 1 2 3 2 3 4 2 1 5 5 4 2
0.54938465 0.19985229 0.44214049 0.03687743 0.12943925 0.11097025 0.59096396 0.27272466 0.96950930 0.16296411 output 1 3 2 4 5 1 4 1 3 2 5 1
0.35854468 0.24985276 0.13434270 0.36475244 0.99859458 0.39905754 0.51352084 0.92630076 0.23013359 0.38784629 output 1 4 3 5 4 1 4 5 2 5 2 1
0.84583974 0.30993408 0.60225821 0.10068341 0.66331851 0.18819733 0.56031901 0.65646297 0.28480494 0.33164382 output 1 3 2 4 1 3 2 3 5 5 3 4
0.33730277 0.63710189 0.26744312 0.02903551 0.36316410 0.45466402 0.45155966 0.16919611 0.08696065 0.05945879 output 1 3 4 4 3 2 3 1 5 3 2 5
0.68467975 0.14649303 0.55456734 0.07453362 0.00603583 0.46074289 0.28808516 0.37039438 0.37661156 0.82455754 output 4 2 3 4 3 5 5 4 1 2 1 4
0.64493847 0.89573312 0.32193089 0.39361334 0.15541679 0.67545772 0.38766313 0.25221419 0.28720415 0.88776690 output 2 3 5 4 3 2 5 2 1 1 4 2
0.56584960 0.68088377 0.62468219 0.07116526 0.10965516 0.04952030 0.20694794 0.15844931 0.94998771 0.27433339 output 5 1 2 1 4 3 4 1 2 3 4 2
0.34010115 0.82529151 0.81110567 0.61623907 0.14482799 0.30375618 0.83376008 0.52152580 0.97482938 0.08921877 output 2 4 5 5 3 4 2 1 4 4 1 3
0.50078577 0.38956937 0.83138299 0.76664567 0.39855042 0.86462843 0.12631448 0.49013767 0.18500121 0.56435353 output 4 3 5 3 5 1 2 1 3 5 4 1
0.88690412 0.57859844 0.90970069 0.21976762 0.49838895 0.66139466 0.52922696 0.46965724 0.90504825 0.77578509 output 4 3 1 2 1 5 2 4 1 3 5 1
0.04296771 0.27409908 0.83550751 0.99789846 0.89571995 0.65661269 0.66133928 0.79134369 0.36930817 0.83435339 output 4 5 1 3 4 2 5 2 4 4 1 3
0.33384708 0.26425743 0.49435708 0.79386437 0.82757443 0.65075922 0.20531678 0.67749935 0.03120896 0.68184388 output 2 5 4 4 2 1 4 5 1 3 1 2
0.93641925 0.33141142 0.24110352 0.60307473 0.47740349 0.77581739 0.20911388 0.18401486 0.23734173 0.27247202 output 5 3 2 1 5 4 2 5 4 5 3 1
0.84033942 0.56266552 0.62502968 0.89715356 0.90469122 0.33773100 0.76730061 0.61885536 0.25520468 0.36807942 output 4 1 2 3 1 4 5 2 4 5 3 4
0.36572948 0.59367049 0.93023288 0.80034351 0.69268161 0.55950916 0.34491238 0.09717501 0.95915222 0.71660388 output 3 2 1 5 3 4 3 5 2 1 4 3
0.65964752 0.34421796 0.22699475 0.84361583 0.75763172 0.72450238 0.04308996 0.71371436 0.59945929 0.03275083 output 2 1 3 4 5 1 5 1 3 4 1 2
0.36610118 0.19383369 0.94632757 0.49380210 0.65083534 0.59077853 0.98221457 0.04489057 0.15001538 0.82874256 output 4 1 2 5 1 3 1 3 2 3 2 5
0.42809612 0.34472835 0.66615039 0.47106224 0.16265742 0.87134486 0.04185187 0.02725156 0.22574626 0.90528268 output 2 4 1 1 2 5 3 4 1 1 5 3
0.41039258 0.69824636 0.60290092 0.92565858 0.19818018 0.37307772 0.19314329 0.42908180 0.51411998 0.85307479 output 2 5 1 4 1 5 2 3 1 4 1 3
0.41239500 0.22780861 0.10086614 0.24064012 0.05555047 0.92410254 0.58862543 0.38404754 0.92470825 0.35712039 output 2 4 3 1 4 2 4 3 5 1 4 5
0.53092515 0.92218381 0.76890743 0.81343913 0.37912372 0.33067188 0.50391078 0.64927274 0.28251126 0.78763562 output 5 4 3 1 2 4 4 5 1 4 2 3
0.06340212 0.74368566 0.22992404 0.50761831 0.55163813 0.21483566 0.33739108 0.12897237 0.49278653 0.41230556 output 1 2 4 4 3 5 2 5 4 2 5 1
0.24028212 0.61807990 0.44996583 0.93867463 0.89158255 0.10253745 0.26326349 0.25071904 0.29282963 0.58613986 output 4 3 5 1 5 2 5 4 1 5 3 2
0.44264561 0.20558392 0.75943947 0.51280665 0.54636389 0.56741339 0.69150615 0.94352859 0.39942119 0.27624661 output 3 4 2 2 1 5 5 2 3 5 4 3
0.68942082 0.50323015 0.22913955 0.77896744 0.95292842 0.58046955 0.65692192 0.39294928 0.70787275 0.87873131 output 1 5 3 4 1 3 2 1 5 2 1 4
0.32690200 0.23615097 0.51990318 0.31110686 0.62598515 0.10288655 0.33621660 0.43369162 0.76631212 0.64607841 output 2 3 1 3 2 5 4 5 2 4 2 1
0.97178280 0.57047260 0.69889742 0.03633490 0.01982192 0.44929963 0.65945023 0.26474273 0.32609734 0.19065844 output 4 2 5 4 1 3 1 4 2 3 5 4
0.49676466 0.86002475 0.42302561 0.04914296 0.03986971 0.33825794 0.21892428 0.87228125 0.56481647 0.97403044 output 4 5 1 1 3 2 4 3 1 2 5 1
0.24817996 0.44844326 0.98862100 0.23333871 0.95477504 0.34629011 0.15771767 0.75589120 0.00291835 0.22592768 output 2 1 5 1 2 3 1 5 4 4 3 1
0.59148085 0.99814320 0.94447809 0.74891853 0.47160295 0.32064286 0.80241567 0.22674777 0.66964328 0.68384367 output 3 5 1 4 5 2 2 5 1 4 5 3
0.46190012 0.19995695 0.99617231 0.18860407 0.83410972 0.03632924 0.53762144 0.74592936 0.44545254 0.97224426 output 2 4 5 5 1 4 1 3 2 1 4 2
0.63072574 0.60746169 0.37010434 0.46197224 0.12331815 0.30170482 0.31957227 0.29259270 0.79569435 0.83241898 output 5 1 2 3 2 4 5 2 3 4 2 1
0.56030744 0.76236832 0.17087483 0.95499641 0.07050811 0.49236882 0.57052594 0.20209050 0.26631168 0.72936743 output 3 4 5 4 5 1 5 2 3 1 2 5
0.65760803 0.07151200 0.34896269 0.01567554 0.31499210 0.05369345 0.17137545 0.04716803 0.59290695 0.05585781 output 2 3 5 5 1 3 4 3 2 1 3 4
0.03331361 0.99407387 0.75238562 0.97206116 0.97367901 0.26130328 0.11760612 0.34678626 0.73479670 0.89335799 output 4 3 5 5 2 3 4 1 5 5 2 1
0.29230213 0.43393779 0.71801871 0.78104222 0.74314833 0.65547347 0.18889473 0.86290044 0.18724741 0.04559314 output 4 2 1 1 5 3 4 5 1 3 2 1
0.78535289 0.10604034 0.81944144 0.67425931 0.43349230 0.00607405 0.34782124 0.27504236 0.05538855 0.94277132 output 4 2 5 5 3 4 2 4 1 4 3 1
0.13730548 0.42383060 0.43886697 0.83697742 0.39826518 0.04133573 0.29298896 0.36004466 0.58061844 0.95276171 output 3 4 5 2 4 5 2 1 4 4 1 3
0.68328416 0.26864660 0.17179626 0.98015934 0.23755132 0.31269246 0.43428516 0.57175165 0.02506218 0.61166322 output 5 4 3 3 4 1 4 1 2 2 4 5
0.96457911 0.84614915 0.36549759 0.59817773 0.80949801 0.20079666 0.63342595 0.54441470 0.69878989 0.08370344 output 1 4 3 3 4 5 4 2 5 1 4 2
0.09435816 0.29885542 0.10678575 0.71368092 0.58063358 0.99532372 0.73489362 0.36048621 0.35459203 0.71845955 output 5 2 3 5 4 1 2 1 5 4 3 5
0.08370010 0.08641443 0.91204542 0.29965478 0.72517043 0.68514901 0.09380306 0.55263102 0.46820590 0.51995087 output 4 5 1 5 2 3 4 5 3 2 5 1
0.24683346 0.96159530 0.63255727 0.39475873 0.83997226 0.00817830 0.45307243 0.48777226 0.83667082 0.39843869 output 5 2 3 1 4 5 3 4 2 2 5 4
0.61813676 0.11913193 0.14268792 0.16555817 0.21831959 0.86726803 0.07000999 0.04313710 0.65422660 0.51110590 output 1 5 2 3 2 5 1 2 4 4 2 3
0.67244494 0.90910131 0.13495092 0.31348366 0.06492068 0.32350096 0.76626074 0.49541792 0.48220691 0.45033661 output 5 2 4 5 1 3 2 3 5 1 5 4
0.55891567 0.43812335 0.08492202 0.04024537 0.74863583 0.66170043 0.18525334 0.93921316 0.20702919 0.16365850 output 1 4 5 5 1 2 2 5 4 4 3 1
0.32566759 0.56684351 0.39955896 0.31709734 0.81031966 0.65135145 0.65531433 0.26593384 0.08993236 0.00312186 output 1 4 3 5 4 2 1 2 5 4 2 1
0.80185342 0.82291132 0.56116414 0.68855476 0.46044821 0.79354042 0.02480409 0.60390246 0.62316096 0.27308881 output 1 3 2 4 2 3 5 2 4 2 1 5
0.43937182 0.49394739 0.30630338 0.16654748 0.30686003 0.08658351 0.27501297 0.92683893 0.46971911 0.13874739 output 3 2 5 2 3 4 2 4 1 1 5 2
0.45236409 0.19183072 0.53336239 0.80173206 0.65945500 0.64656442 0.09962468 0.52666473 0.80583113 0.62968105 output 3 1 5 3 4 1 3 4 2 3 5 2
0.67339164 0.33637834 0.61717522 0.08034656 0.75825042 0.38588637 0.87397951 0.83572352 0.74259049 0.27481723 output 3 4 5 3 1 4 1 3 5 1 5 2
0.43537405 0.37609920 0.65249681 0.30011463 0.17208087 0.44134247 0.00429641 0.51612383 0.86558437 0.36968964 output 1 4 5 4 1 3 2 1 5 1 3 2